1.4875852074133433     11.34039611624005
1.4885412013435406     12.726356859606415
1.4894409302484186     14.132780621579707
1.490228299602735     15.694632038149217
1.491015668957051     17.429087835467087
1.4918031235614058     19.559174940453563
1.4926467579410412     21.94958955756586
1.4935468278460726     25.419050990589913
1.4942219228998654     28.52562737870516
1.4948968474535815     31.347749906535235
1.495515677482055     34.812073659146925
1.4962467818110519     38.256132435126695
1.4970344069154833     43.84111983824582
1.4978219467698761     49.7175665145258
1.4986091456241155     54.0665527135746
1.4996209783294403     58.18287055908629
1.5005205367342416     63.27234936550743
1.5013640006138003     69.53206524002772
1.5023196535438441     74.82583868438027
1.5029382278222025     80.52264973711391
1.5036690764010845     85.7496132501639
1.504287906429558     95.2260325416767
1.505019692758862     113.8008943802935
1.5047381118821503     104.64701838377474
1.5054143151864419     134.58086273749285
1.5056402277881027     155.85338410588855
1.5059790966905937     194.2296956933471
1.5063182213431996     249.78829229313484
1.5067693645462141     308.04851523703525
1.5069395236227858     375.9359070583667
1.5073347428006343     478.4294509564615
1.507673526453087     590.0175731208941
1.5080123101055396     727.6323309435012
1.508294828732673     887.9871410117163
1.5086899626604833     1118.3002496516579
1.5091972856387788     1379.1308164680822
1.509479804265912     1683.0621437734567
1.5099872124942457     2097.488289352838
1.510438270447222     2559.7304437433027
1.510777139349713     3190.021621907618
1.5111153262518968     3655.730762899425
1.511453513154081     4189.428472530974
1.5117916148062267     4750.97783791558
1.5121299722084875     5559.916704526716
1.5124681591106717     6371.605256939324
1.4863484851068183     10.31946199976985
1.4869668036350616     10.761342759786901
1.4855611157525022     9.292520667000856
1.484942626724182     8.726084684030592
1.484323881945747     7.940507402089169
1.4837053076673885     7.378732914038695
1.4830301273635573     6.506591867167629
1.513			10200.3
1.51276			7809.0
1.3	2.0857004401215267e-9
1.301	2.3521762924577594e-9
1.302	2.652697963892694e-9
1.303	2.9916152586877843e-9
1.304	3.373833726203969e-9
1.305	3.804885664697387e-9
1.306	4.291010196791409e-9
1.307	4.839243575649416e-9
1.308	5.457521028958581e-9
1.309	6.1547916148294435e-9
1.31	6.9411477520599765e-9
1.311	7.82797129960362e-9
1.312	8.828098299626895e-9
1.313	9.95600476867096e-9
1.314	1.1228016226098316e-8
1.315	1.2662543992569068e-8
1.316	1.4280351678781678e-8
1.317	1.610485572167429e-8
1.318	1.8162464318111128e-8
1.319	2.0482959661830324e-8
1.32	2.309992901623016e-8
1.321	2.6051250862404646e-8
1.322	2.9379643159038368e-8
1.323	3.313328164975229e-8
1.324	3.736649716741405e-8
1.325	4.214056202829403e-8
1.326	4.752457689850524e-8
1.327	5.359647096935758e-8
1.328	6.044412991837938e-8
1.329	6.816666798227514e-8
1.33	7.68758625540725e-8
1.331	8.669777206902946e-8
1.332	9.777456059691928e-8
1.333	1.102665555501095e-7
1.334	1.2435456829113923e-7
1.335	1.4024251122859902e-7
1.336	1.581603492817216e-7
1.337	1.783674284335999e-7
1.338	2.0115622955122733e-7
1.339	2.2685660180568346e-7
1.34	2.5584053696789865e-7
1.341	2.8852755368383127e-7
1.342	3.2539076966221217e-7
1.343	3.6696374966457114e-7
1.344	4.1384822841679807e-7
1.345	4.667228202248051e-7
1.346	5.263528413590768e-7
1.347	5.936013873787466e-7
1.348	6.694418257307398e-7
1.349	7.549718844436432e-7
1.35	8.514295408390842e-7
1.351	9.602109402360764e-7
1.352	1.082890604007514e-6
1.353	1.2212442194830837e-6
1.354	1.377274341564547e-6
1.355	1.5532393780622418e-6
1.356	1.7516862782927101e-6
1.357	1.9754873980769756e-6
1.358	2.2278820747312608e-6
1.359	2.5125235138125343e-6
1.36	2.8335316662676242e-6
1.361	3.195552861337409e-6
1.362	3.603827058355353e-6
1.363	4.064263690852619e-6
1.364	4.583527200753545e-6
1.365	5.169133500695621e-6
1.366	5.829558760690152e-6
1.367	6.574362093717472e-6
1.368	7.4143239160339815e-6
1.369	8.361601984838029e-6
1.37	9.429907371817162e-6
1.371	0.000010634702919642968
1.372	0.000011993427053915112
1.373	0.000013525746190041031
1.374	0.000015253839388441869
1.375	0.00001720271937822516
1.3760000000000001	0.000019400594595889476
1.377	0.000021879277479260884
1.3780000000000001	0.000024674644926394686
1.379	0.000027827157584191227
1.3800000000000001	0.00003138244548301903
1.381	0.000035391968493905286
1.3820000000000001	0.00003991376116789224
1.383	0.00004501327273847003
1.3840000000000001	0.00005076431444546178
1.385	0.000057250127892061507
1.3860000000000001	0.0000645645898986525
1.387	0.00007281357129263461
1.3880000000000001	0.00008211646930167189
1.389	0.00009260793573044157
1.3900000000000001	0.00010443982593488358
1.391	0.00011778339680368233
1.3920000000000001	0.00013283178556103265
1.393	0.00014980280526924033
1.3940000000000001	0.00016894209749385318
1.395	0.0001905266877634522
1.3960000000000001	0.00021486899528658766
1.397	0.00024232135496307514
1.3980000000000001	0.0002732811171422062
1.399	0.00030819639894251314
1.4000000000000001	0.0003475725703789056
1.401	0.00039197956917831975
1.4020000000000001	0.0004420601501600836
1.403	0.0004985391885837077
1.4040000000000001	0.0005622341721227378
1.405	0.0006340670333270215
1.4060000000000001	0.0007150774938389452
1.407	0.0008064381135097583
1.4080000000000001	0.0009094712622401032
1.409	0.001025668260197597
1.4100000000000001	0.0011567109634510492
1.411	0.001304496107454914
1.4120000000000001	0.0014711627607367143
1.413	0.0016591232861560786
1.4140000000000001	0.0018710982578752596
1.415	0.0021101558394343344
1.4160000000000001	0.002379756192897803
1.417	0.0026838015618568904
1.4180000000000001	0.003026692753199606
1.419	0.0034133928351738757
1.42	0.0038494989737228825
1.421	0.004341323446862817
1.4220000000000002	0.004895985009720289
1.423	0.0055215119326635555
1.424	0.006226958203919787
1.425	0.007022534578614968
1.4260000000000002	0.00791975637106398
1.427	0.008931610129483685
1.428	0.010072741605608051
1.429	0.011359667739910097
1.4300000000000002	0.012811015730743003
1.431	0.014447792647731019
1.432	0.016293689491842032
1.433	0.018375424103159753
1.4340000000000002	0.02072312787966427
1.435	0.023370781904460167
1.436	0.026356708794034185
1.437	0.029724127386639272
1.4380000000000002	0.033521778299464455
1.439	0.037804629409020504
1.44	0.04263467146598879
1.441	0.04808181536039935
1.4420000000000002	0.054224904024317094
1.443	0.06115285361850164
1.444	0.06896594052077688
1.445	0.07777725274420312
1.446	0.08771432679313734
1.447	0.09892099364935371
1.448	0.11155946060730416
1.449	0.12581265909144354
1.45	0.1418868924382645
1.451	0.16001482196760386
1.452	0.18045883456404524
1.453	0.2035148405115086
1.454	0.22951655655142908
1.455	0.25884033615842306
1.456	0.2919106169475445
1.457	0.32920606406006403
1.458	0.3712664984480202
1.459	0.4187007103390068
1.46	0.47219527097441255
1.461	0.5325244701640833
1.462	0.6005615234950051
1.463	0.6772912114095325
1.464	0.7638241330929931
1.465	0.8614127814844796
1.466	0.9714696720828384
1.467	1.095587787948055
1.468	1.235563636821931
1.469	1.3934232541017142
1.47	1.5714515280374708
1.471	1.7722252716123452
1.472	1.9986505197928541
1.473	2.254004591997562
1.474	2.5419835286023504
1.475	2.8667555880883575
1.476	3.2330215791580037
1.477	3.6460829010789846
1.478	4.111918277081964
1.479	4.637270291467487
1.48	5.229742982972646