1.5143302136172037     16329.2069079738
1.5146398254171347     29277.27370150748
1.5149476186455537     43488.494287737005
1.5150903765092518     58330.92156111376
1.515400442952061     70963.19990647348
1.5158796365454934     80122.17553112033
1.51603194190963     88333.04539284392
1.5163506465671215     94965.34322289843
1.516998512668299     100966.80457500635
1.5176500159125006     104441.9583417226
1.5179750855702845     106653.21789734164
1.5184706463073254     104443.80938772595
1.5186393188150706     101286.29511518704
1.518973026687537     97497.57415550087
1.5193076438457591     93077.27629946679
1.519804568511434     89920.50244532921
1.5203028571057433     85816.36324666976
1.5206342917638194     83606.58452785338
1.5209675449934075     80133.65201634119
1.5214640150162047     77292.66661037756
1.5224528632758967     74452.79183201597
1.5234412568927107     71928.70550182834
1.5247565387388207     70352.72493456391
1.5268888138367311     71304.90299869454
1.5286910182051998     73519.49443711966
1.5308223840173543     75103.2493975982
1.5331178759084738     76687.37456727742
1.5352487870777503     78586.91797592991
1.5372151175251838     80801.87962355571
1.5398365883598433     83965.68745250607
1.5429508920742756     86814.81746088449
1.5455728175518129     89662.8368416609
1.5481947430293503     92510.85622243729
1.5509798853000967     95990.82270876228
1.553438139341547     98522.68343216405
1.5562251001838057     100739.4961257932
1.559339403898238     103588.62613417162
1.562	105053.1174916742
1.563	105881.23307623727
1.564	106702.92189424572
1.565	107518.3312918987
1.566	108327.6030696678
1.567	109130.87377018697
1.568	109928.27494721049
1.569	110719.93341713355
1.57	111505.97149444287
1.571	112286.5072123293
1.572	113061.65452959508
1.573	113831.52352487638
1.574	114596.22057912515
1.575	115355.84854719974
1.576	116110.50691935465
1.577	116860.29197334092
1.578	117605.29691778132
1.579	118345.61202741944
1.58	119081.3247708032
1.581	119812.51993090907
1.582	120539.27971918325
1.583	121261.68388342827
1.584	121979.80980994152
1.585	122693.73262027072
1.586	123403.52526293366
1.587	124109.2586004142
1.588	124811.00149173352
1.589	125508.82087086345
1.59	126202.78182124
1.591	126892.94764660677
1.592	127579.37993841131
1.593	128262.13863995286
1.594	128941.28210747521
1.595	129616.86716837622
1.596	130288.94917670306
1.597	130957.58206608158
1.598	131622.8184002284
1.599	132284.7094211742
1.6	132943.30509532816
1.601	133598.654157497
1.602	134250.80415297148
1.603	134899.80147778013
1.604	135545.69141720998
1.605	136188.5181826812
1.606	136828.32494706463
1.607	137465.15387851748
1.608	138099.04617291715
1.609	138730.042084959
1.61	139358.18095798863
1.611	139983.50125262793
1.612	140606.04057425665
1.613	141225.83569940203
1.614	141842.92260109246
1.615	142457.33647322096
1.616	143069.11175396843
1.617	143678.28214832782
1.618	144284.88064977396
1.619	144888.9395611152
1.62	145490.4905145677
1.621	146089.56449108364
1.622	146686.19183897137
1.623	147280.4022918341
1.624	147872.2249858624
1.625	148461.6884765039
1.6260000000000001	149048.82075454175
1.627	149633.64926160322
1.6280000000000001	150216.20090512713
1.629	150796.50207280833
1.6300000000000001	151374.57864654658
1.631	151950.4560159149
1.6320000000000001	152524.1590911732
1.633	153095.71231584018
1.6340000000000001	153665.13967884684
1.635	154232.46472628418
1.6360000000000001	154797.71057276498
1.637	155360.899912412
1.6380000000000001	155922.05502949064
1.639	156481.1978086968
1.6400000000000001	157038.34974511646
1.641	157593.53195386697
1.6420000000000001	158146.76517943552
1.643	158698.06980472224
1.6440000000000001	159247.46585980424
1.645	159794.97303042575
1.6460000000000001	160340.61066622988
1.647	160884.3977887368
1.6480000000000001	161426.35309908204
1.649	161966.49498552005
1.6500000000000001	162504.8415307049
1.651	163041.41051875288
1.6520000000000001	163576.21944209834
1.653	164109.28550814698
1.6540000000000001	164640.6256457364
1.655	165170.25651140854
1.6560000000000001	165698.19449550295
1.657	166224.4557280742
1.6580000000000001	166749.0560846433
1.659	167272.01119178455
1.6600000000000001	167793.3364325578
1.661	168313.0469517871
1.6620000000000001	168831.1576611957
1.663	169347.68324439664
1.6640000000000001	169862.63816174975
1.665	170376.03665508394
1.6660000000000001	170887.89275229393
1.667	171398.22027181173
1.6680000000000001	171907.03282696006
1.669	172414.34383018862
1.6700000000000002	172920.16649720044
1.671	173424.51385096775
1.6720000000000002	173927.39872564506
1.673	174428.83377037896
1.6740000000000002	174928.83145302127
1.675	175427.4040637451
1.6760000000000002	175924.56371857092
1.677	176420.32236280065
1.6780000000000002	176914.69177436767
1.679	177407.6835671006
1.6800000000000002	177899.30919390757