lambda	n	k
0.20	1.73	0.07
0.20	1.71	0.06
0.20	1.70	0.04
0.20	1.69	0.02
0.20	1.69	0.00
0.20	1.67	0.01
0.21	1.67	0.02
0.21	1.67	0.02
0.21	1.67	0.02
0.21	1.67	0.01
0.21	1.65	0.03
0.21	1.66	0.01
0.21	1.66	0.03
0.21	1.64	0.03
0.21	1.62	0.00
0.21	1.61	0.00
0.22	1.62	0.01
0.22	1.61	0.00
0.22	1.62	0.01
0.22	1.63	0.02
0.22	1.62	0.01
0.22	1.62	0.01
0.22	1.62	0.01
0.22	1.64	0.02
0.22	1.63	0.03
0.23	1.64	0.02
0.23	1.63	0.02
0.23	1.61	0.02
0.23	1.60	0.00
0.23	1.59	0.01
0.23	1.59	0.03
0.23	1.58	0.02
0.23	1.56	0.01
0.23	1.54	0.02
0.23	1.54	0.01
0.23	1.53	0.02
0.24	1.51	0.02
0.24	1.53	0.01
0.24	1.55	0.00
0.24	1.56	0.00
0.24	1.56	0.00
0.24	1.53	0.00
0.24	1.49	0.00
0.24	1.43	0.01
0.24	1.41	0.03
0.24	1.40	0.03
0.25	1.42	0.02
0.25	1.45	0.02
0.25	1.51	0.01
0.25	1.55	0.00
0.25	1.55	0.00
0.25	1.52	0.00
0.25	1.49	0.00
0.25	1.46	0.00
0.25	1.45	0.00
0.26	1.45	0.00
0.26	1.46	0.00
0.26	1.46	0.01
0.26	1.48	0.00
0.26	1.49	0.00
0.26	1.46	0.00
0.26	1.45	0.00
0.26	1.45	0.00
0.26	1.46	0.01
0.26	1.47	0.00
0.27	1.48	0.00
0.27	1.50	0.00
0.27	1.50	0.00
0.27	1.49	0.01
0.27	1.49	0.01
0.27	1.48	0.00
0.27	1.46	0.00
0.27	1.47	0.01
0.27	1.49	0.01
0.27	1.49	0.01
0.28	1.51	0.00
0.28	1.54	0.00
0.28	1.53	0.00
0.28	1.51	0.00
0.28	1.52	0.00
0.28	1.53	0.00
0.28	1.53	0.01
0.28	1.51	0.00
0.28	1.50	0.01
0.28	1.50	0.00
0.28	1.49	0.00
0.29	1.51	0.01
0.29	1.52	0.01
0.29	1.53	0.01
0.29	1.52	0.01
0.29	1.53	0.00
0.29	1.50	0.00
0.29	1.47	0.00
0.29	1.46	0.00
0.29	1.45	0.00
0.29	1.48	0.01
0.30	1.50	0.01
0.30	1.51	0.01
0.30	1.52	0.00
0.30	1.50	0.00
0.30	1.49	0.00
0.30	1.47	0.00
0.30	1.49	0.00
0.30	1.49	0.00
0.30	1.48	0.00
0.30	1.47	0.00
0.31	1.46	0.00
0.31	1.48	0.00
0.31	1.45	0.00
0.31	1.45	0.00
0.31	1.48	0.00
0.31	1.48	0.01
0.31	1.48	0.00
0.31	1.47	0.00
0.31	1.49	0.00
0.32	1.48	0.00
0.32	1.47	0.00
0.32	1.48	0.00
0.32	1.48	0.00
0.32	1.45	0.00
0.32	1.45	0.00
0.32	1.44	0.00
0.32	1.44	0.00
0.32	1.45	0.00
0.32	1.49	0.00
0.33	1.52	0.00
0.33	1.52	0.00
0.33	1.54	0.00
0.33	1.54	0.00
0.33	1.53	0.00
0.33	1.47	0.01
0.33	1.45	0.01
0.33	1.45	0.01
0.33	1.44	0.00
0.33	1.44	0.00
0.34	1.42	0.01
0.34	1.44	0.01
0.34	1.46	0.01
0.34	1.47	0.00
0.34	1.47	0.00
0.34	1.45	0.00
0.34	1.47	0.00
0.34	1.47	0.00
0.34	1.48	0.00
0.34	1.47	0.00
0.34	1.46	0.00
0.35	1.47	0.00
0.35	1.48	0.00
0.35	1.50	0.00
0.35	1.48	0.00
0.35	1.47	0.00
0.35	1.47	0.00
0.35	1.47	0.00
0.35	1.46	0.00
0.35	1.46	0.00
0.35	1.46	0.00
0.36	1.48	0.00
0.36	1.48	0.00
0.36	1.48	0.00
0.36	1.47	0.00
0.36	1.47	0.00
0.36	1.46	0.00
0.36	1.47	0.00
0.36	1.48	0.01
0.36	1.48	0.01
0.36	1.48	0.01
0.37	1.49	0.00
0.37	1.49	0.00
0.37	1.49	0.00
0.37	1.48	0.00
0.37	1.47	0.00
0.37	1.47	0.00
0.37	1.48	0.00
0.37	1.48	0.00
0.37	1.49	0.00
0.38	1.51	0.00
0.38	1.52	0.00
0.38	1.52	0.00
0.38	1.52	0.00
0.38	1.50	0.00
0.38	1.49	0.00
0.38	1.47	0.00
0.38	1.48	0.01
0.38	1.48	0.01
0.38	1.48	0.01
0.39	1.49	0.00
0.39	1.51	0.00
0.39	1.52	0.00
0.39	1.53	0.00
0.39	1.54	0.00
0.39	1.54	0.00
0.39	1.53	0.00
0.39	1.52	0.00
0.39	1.51	0.00
0.39	1.49	0.00
0.40	1.49	0.00
0.40	1.49	0.00
0.40	1.49	0.00
0.40	1.48	0.01
0.40	1.47	0.01
0.40	1.48	0.00
0.40	1.48	0.00
0.40	1.49	0.00
0.40	1.50	0.00
0.40	1.51	0.00
0.41	1.51	0.00
0.41	1.51	0.00
0.41	1.51	0.00
0.41	1.50	0.00
0.41	1.50	0.00
0.41	1.49	0.00
0.41	1.50	0.00
0.41	1.49	0.00
0.41	1.49	0.00
0.41	1.49	0.00
0.41	1.49	0.00
0.42	1.50	0.00
0.42	1.50	0.00
0.42	1.50	0.00
0.42	1.50	0.00
0.42	1.51	0.00
0.42	1.50	0.00
0.42	1.49	0.00
0.42	1.49	0.00
0.42	1.48	0.00
0.42	1.48	0.00
0.43	1.49	0.00
0.43	1.49	0.00
0.43	1.49	0.00
0.43	1.50	0.00
0.43	1.50	0.00
0.43	1.50	0.00
0.43	1.49	0.00
0.43	1.49	0.00
0.43	1.48	0.00
0.43	1.49	0.00
0.44	1.49	0.00
0.44	1.49	0.00
0.44	1.49	0.00
0.44	1.50	0.00
0.44	1.50	0.00
0.44	1.51	0.00
0.44	1.51	0.00
0.44	1.51	0.00
0.44	1.50	0.00
0.45	1.50	0.00
0.45	1.50	0.00
0.45	1.50	0.00
0.45	1.50	0.00
0.45	1.50	0.00
0.45	1.51	0.00
0.45	1.51	0.00
0.45	1.50	0.00
0.45	1.50	0.00
0.45	1.49	0.00
0.46	1.50	0.00
0.46	1.50	0.00
0.46	1.49	0.00
0.46	1.50	0.00
0.46	1.49	0.00
0.46	1.49	0.00
0.46	1.49	0.00
0.46	1.49	0.00
0.46	1.50	0.00
0.46	1.51	0.00
0.47	1.52	0.00
0.47	1.51	0.00
0.47	1.51	0.00
0.47	1.50	0.00
0.47	1.50	0.00
0.47	1.50	0.00
0.47	1.49	0.00
0.47	1.50	0.00
0.47	1.50	0.00
0.47	1.50	0.00
0.47	1.51	0.00
0.48	1.50	0.00
0.48	1.50	0.00
0.48	1.50	0.00
0.48	1.50	0.00
0.48	1.50	0.00
0.48	1.49	0.00
0.48	1.49	0.00
0.48	1.49	0.00
0.48	1.48	0.00
0.48	1.48	0.00
0.49	1.48	0.00
0.49	1.49	0.00
0.49	1.50	0.00
0.49	1.50	0.00
0.49	1.50	0.00
0.49	1.50	0.00
0.49	1.50	0.00
0.49	1.50	0.00
0.49	1.50	0.00
0.49	1.49	0.00
0.50	1.50	0.00
0.50	1.50	0.00
0.50	1.50	0.00
0.50	1.50	0.00
0.50	1.50	0.00
0.50	1.50	0.00
0.50	1.50	0.00
0.50	1.50	0.00
0.50	1.50	0.00
0.51	1.50	0.00
0.51	1.49	0.00
0.51	1.49	0.00
0.51	1.49	0.00
0.51	1.49	0.00
0.51	1.49	0.00
0.51	1.49	0.00
0.51	1.49	0.00
0.51	1.50	0.00
0.51	1.51	0.00
0.52	1.50	0.00
0.52	1.51	0.00
0.52	1.51	0.00
0.52	1.51	0.00
0.52	1.51	0.00
0.52	1.50	0.00
0.52	1.50	0.00
0.52	1.50	0.00
0.52	1.51	0.00
0.52	1.51	0.00
0.53	1.51	0.00
0.53	1.51	0.00
0.53	1.51	0.00
0.53	1.50	0.00
0.53	1.50	0.00
0.53	1.50	0.00
0.53	1.49	0.00
0.53	1.49	0.00
0.53	1.50	0.00
0.53	1.50	0.00
0.54	1.50	0.00
0.54	1.50	0.00
0.54	1.51	0.00
0.54	1.51	0.00
0.54	1.50	0.00
0.54	1.50	0.00
0.54	1.50	0.00
0.54	1.50	0.00
0.54	1.50	0.00
0.54	1.50	0.00
0.55	1.50	0.00
0.55	1.50	0.00
0.55	1.50	0.00
0.55	1.50	0.00
0.55	1.50	0.00
0.55	1.50	0.00
0.55	1.50	0.00
0.55	1.50	0.00
0.55	1.49	0.00
0.55	1.49	0.00
0.56	1.50	0.00
0.56	1.49	0.00
0.56	1.50	0.00
0.56	1.50	0.00
0.56	1.50	0.00
0.56	1.51	0.00
0.56	1.50	0.00
0.56	1.50	0.00
0.56	1.50	0.00
0.56	1.50	0.00
0.56	1.50	0.00
0.57	1.49	0.00
0.57	1.48	0.00
0.57	1.48	0.00
0.57	1.49	0.00
0.57	1.50	0.00
0.57	1.50	0.00
0.57	1.49	0.00
0.57	1.49	0.00
0.57	1.49	0.00
0.57	1.48	0.00
0.58	1.49	0.00
0.58	1.49	0.00
0.58	1.49	0.00
0.58	1.50	0.00
0.58	1.50	0.00
0.58	1.50	0.00
0.58	1.49	0.00
0.58	1.49	0.00
0.58	1.49	0.00
0.58	1.49	0.00
0.59	1.49	0.00
0.59	1.50	0.00
0.59	1.49	0.00
0.59	1.49	0.00
0.59	1.49	0.00
0.59	1.49	0.00
0.59	1.49	0.00
0.59	1.49	0.00
0.59	1.49	0.00
0.59	1.50	0.00
0.60	1.50	0.00
0.60	1.50	0.00
0.60	1.51	0.00
0.60	1.50	0.00
0.60	1.50	0.00
0.60	1.50	0.00
0.60	1.50	0.00
0.60	1.49	0.00
0.60	1.50	0.00
0.60	1.50	0.00
0.61	1.49	0.00
0.61	1.49	0.00
0.61	1.50	0.00
0.61	1.50	0.00
0.61	1.49	0.00
0.61	1.49	0.00
0.61	1.49	0.00
0.61	1.49	0.00
0.61	1.49	0.00
0.61	1.49	0.00
0.62	1.49	0.00
0.62	1.50	0.00
0.62	1.50	0.00
0.62	1.50	0.00
0.62	1.50	0.00
0.62	1.50	0.00
0.62	1.50	0.00
0.62	1.50	0.00
0.62	1.49	0.00
0.63	1.49	0.00
0.63	1.49	0.00
0.63	1.49	0.00
0.63	1.49	0.00
0.63	1.50	0.00
0.63	1.49	0.00
0.63	1.49	0.00
0.63	1.49	0.00
0.63	1.48	0.00
0.63	1.48	0.00
0.64	1.48	0.00
0.64	1.49	0.00
0.64	1.49	0.00
0.64	1.49	0.00
0.64	1.50	0.00
0.64	1.50	0.00
0.64	1.48	0.00
0.64	1.48	0.00
0.64	1.49	0.00
0.64	1.49	0.00
0.65	1.49	0.00
0.65	1.49	0.00
0.65	1.49	0.00
0.65	1.50	0.00
0.65	1.50	0.00
0.65	1.50	0.00
0.65	1.49	0.00
0.65	1.49	0.00
0.65	1.49	0.00
0.65	1.49	0.00
0.66	1.50	0.00
0.66	1.51	0.00
0.66	1.51	0.00
0.66	1.50	0.00
0.66	1.50	0.00
0.66	1.49	0.00
0.66	1.49	0.00
0.66	1.49	0.00
0.66	1.49	0.00
0.66	1.49	0.00
0.67	1.50	0.00
0.67	1.50	0.00
0.67	1.49	0.00
0.67	1.49	0.00
0.67	1.48	0.00
0.67	1.48	0.00
0.67	1.48	0.00
0.67	1.48	0.00
0.67	1.48	0.00
0.67	1.48	0.00
0.68	1.48	0.00
0.68	1.49	0.00
0.68	1.50	0.00
0.68	1.49	0.00
0.68	1.50	0.00
0.68	1.49	0.00
0.68	1.49	0.00
0.68	1.49	0.00
0.68	1.49	0.00
0.68	1.49	0.00
0.69	1.49	0.00
0.69	1.49	0.00
0.69	1.49	0.00
0.69	1.49	0.00
0.69	1.49	0.00
0.69	1.49	0.00
0.69	1.49	0.00
0.69	1.48	0.00
0.69	1.48	0.00
0.69	1.48	0.00
0.69	1.48	0.00
0.70	1.49	0.00
0.70	1.50	0.00
0.70	1.51	0.00
0.70	1.51	0.00
0.70	1.51	0.00
0.70	1.51	0.00
0.70	1.51	0.00
0.70	1.49	0.00
0.70	1.48	0.00
0.70	1.48	0.00
0.71	1.48	0.00
0.71	1.49	0.00
0.71	1.50	0.00
0.71	1.50	0.00
0.71	1.51	0.00
0.71	1.50	0.00
0.71	1.49	0.00
0.71	1.48	0.00
0.71	1.48	0.00
0.71	1.48	0.00
0.72	1.49	0.00
0.72	1.50	0.00
0.72	1.51	0.00
0.72	1.50	0.00
0.72	1.50	0.00
0.72	1.49	0.00
0.72	1.48	0.00
0.72	1.47	0.00
0.72	1.47	0.00
0.72	1.47	0.00
0.73	1.48	0.00
0.73	1.49	0.00
0.73	1.50	0.00
0.73	1.49	0.00
0.73	1.49	0.00
0.73	1.48	0.00
0.73	1.48	0.00
0.73	1.47	0.00
0.73	1.47	0.00
0.73	1.48	0.00
0.74	1.49	0.00
0.74	1.50	0.00
0.74	1.50	0.00
0.74	1.50	0.00
0.74	1.51	0.00
0.74	1.51	0.00
0.74	1.51	0.00
0.74	1.51	0.00
0.74	1.50	0.00
0.74	1.50	0.00
0.75	1.50	0.00
0.75	1.50	0.00
0.75	1.49	0.00
0.75	1.49	0.00
0.75	1.50	0.00
0.75	1.49	0.00
0.75	1.49	0.00
0.75	1.48	0.00
0.75	1.47	0.00
0.76	1.49	0.00
0.76	1.50	0.00
0.76	1.50	0.00
0.76	1.51	0.00
0.76	1.51	0.00
0.76	1.50	0.00
0.76	1.50	0.00
0.76	1.50	0.00
0.76	1.49	0.00
0.76	1.50	0.00
0.77	1.52	0.00
0.77	1.52	0.00
0.77	1.52	0.00
0.77	1.50	0.00
0.77	1.49	0.00
0.77	1.49	0.00
0.77	1.48	0.00
0.77	1.48	0.00
0.77	1.48	0.00
0.77	1.48	0.00
0.78	1.50	0.00
0.78	1.50	0.00
0.78	1.51	0.00
0.78	1.51	0.00
0.78	1.52	0.00
0.78	1.50	0.00
0.78	1.50	0.00
0.78	1.49	0.00
0.78	1.48	0.00
0.78	1.47	0.00
0.79	1.48	0.00
0.79	1.48	0.00
0.79	1.48	0.00
0.79	1.48	0.00
0.79	1.48	0.00
0.79	1.47	0.00
0.79	1.47	0.00
0.79	1.47	0.00
0.79	1.47	0.01
0.79	1.47	0.00
0.80	1.47	0.00
0.80	1.49	0.00
0.80	1.49	0.00
0.80	1.49	0.00
0.80	1.50	0.01
0.80	1.50	0.00
0.80	1.50	0.00
0.80	1.49	0.00
0.80	1.47	0.00
0.80	1.46	0.00
0.81	1.46	0.01
0.81	1.47	0.01
0.81	1.47	0.01
0.81	1.48	0.01
0.81	1.48	0.01
0.81	1.49	0.00
0.91	1.49	0.00
0.91	1.49	0.00
0.91	1.50	0.00
0.91	1.50	0.00
0.91	1.49	0.00
0.92	1.49	0.00
0.92	1.49	0.00
0.92	1.49	0.00
0.92	1.49	0.00
0.92	1.48	0.00
0.92	1.48	0.00
0.92	1.48	0.00
0.92	1.48	0.00
0.92	1.48	0.00
0.92	1.48	0.00
0.93	1.48	0.00
0.93	1.48	0.00
0.93	1.48	0.00
0.93	1.48	0.00
0.93	1.48	0.00
0.93	1.47	0.00
0.93	1.47	0.00
0.93	1.48	0.00
0.93	1.48	0.00
0.93	1.48	0.00
0.94	1.48	0.00
0.94	1.48	0.00
0.94	1.48	0.00
0.94	1.48	0.00
0.94	1.48	0.00
0.94	1.48	0.00
0.94	1.48	0.00
0.94	1.48	0.00
0.94	1.48	0.00
0.94	1.48	0.00
0.94	1.48	0.00
0.95	1.48	0.00
0.95	1.48	0.00
0.95	1.48	0.00
0.95	1.48	0.00
0.95	1.47	0.00
0.95	1.47	0.00
0.95	1.48	0.00
0.95	1.48	0.00
0.95	1.48	0.00
0.95	1.48	0.00
0.96	1.47	0.00
0.96	1.48	0.00
0.96	1.48	0.00
0.96	1.48	0.00
0.96	1.48	0.00
0.96	1.48	0.00
0.96	1.48	0.00
0.96	1.48	0.00
0.96	1.48	0.00
0.96	1.48	0.00
0.97	1.47	0.00
0.97	1.47	0.00
0.97	1.47	0.00
0.97	1.48	0.00
0.97	1.47	0.00
0.97	1.47	0.00
0.97	1.48	0.00
0.97	1.48	0.00
0.97	1.48	0.00
0.97	1.47	0.00
0.98	1.47	0.00
0.98	1.47	0.00
0.98	1.47	0.00
0.98	1.47	0.00
0.98	1.47	0.00
0.98	1.47	0.00
0.98	1.47	0.00
0.98	1.48	0.00
0.98	1.48	0.00
0.98	1.48	0.00
0.99	1.47	0.00
0.99	1.47	0.00
0.99	1.47	0.00
0.99	1.48	0.00
0.99	1.47	0.00
0.99	1.47	0.00
0.99	1.47	0.00
0.99	1.48	0.00
0.99	1.47	0.00
0.99	1.48	0.00
1.00	1.48	0.00
1.00	1.47	0.00
1.00	1.47	0.00
1.00	1.47	0.00
1.00	1.47	0.00
1.00	1.47	0.00
1.00	1.47	0.00
1.00	1.47	0.00
1.00	1.48	0.00
1.00	1.47	0.00
1.01	1.48	0.00
1.01	1.48	0.00
1.01	1.48	0.00
1.01	1.47	0.00
1.01	1.47	0.00
1.01	1.47	0.00
1.01	1.47	0.00
1.01	1.48	0.00
1.01	1.48	0.00
1.01	1.48	0.00
1.02	1.48	0.00
1.02	1.48	0.00
1.02	1.47	0.00
1.02	1.47	0.00
1.02	1.47	0.00
1.02	1.48	0.00
1.02	1.48	0.00
1.02	1.47	0.00
1.02	1.47	0.00
1.02	1.47	0.00
1.03	1.47	0.00
1.03	1.47	0.00
1.03	1.47	0.00
1.03	1.47	0.00
1.03	1.48	0.00
1.03	1.48	0.00
1.03	1.48	0.00
1.03	1.48	0.00
1.03	1.48	0.00
1.03	1.48	0.00
1.04	1.48	0.00
1.04	1.47	0.00
1.04	1.47	0.00
1.04	1.48	0.00
1.04	1.48	0.00
1.04	1.47	0.00
1.04	1.47	0.00
1.04	1.47	0.00
1.04	1.47	0.00
1.04	1.48	0.00
1.05	1.47	0.00
1.05	1.48	0.00
1.05	1.48	0.00
1.05	1.48	0.00
1.05	1.48	0.00
1.05	1.48	0.00
1.05	1.48	0.00
1.05	1.47	0.00
1.05	1.47	0.00
1.05	1.47	0.00
1.06	1.48	0.00
1.06	1.48	0.00
1.06	1.48	0.00
1.06	1.48	0.00
1.06	1.47	0.00
1.06	1.48	0.00
1.06	1.48	0.00
1.06	1.48	0.00
1.06	1.48	0.00
1.06	1.48	0.00
1.07	1.48	0.00
1.07	1.48	0.00
1.07	1.48	0.00
1.07	1.48	0.00
1.07	1.48	0.00
1.07	1.48	0.00
1.07	1.47	0.00
1.07	1.47	0.00
1.07	1.47	0.00
1.07	1.47	0.00
1.08	1.48	0.00
1.08	1.48	0.00
1.08	1.48	0.00
1.08	1.48	0.00
1.08	1.48	0.00
1.08	1.48	0.00
1.08	1.48	0.00
1.08	1.47	0.00
1.08	1.47	0.00
1.08	1.48	0.00
1.09	1.48	0.00
1.09	1.48	0.00
1.09	1.48	0.00
1.09	1.48	0.00
1.09	1.48	0.00
1.09	1.47	0.00
1.09	1.47	0.00
1.09	1.47	0.00
1.09	1.47	0.00
1.09	1.48	0.00
1.10	1.47	0.00
1.10	1.47	0.00
1.10	1.48	0.00
1.10	1.48	0.00
1.10	1.48	0.00
1.10	1.48	0.00
1.10	1.48	0.00
1.10	1.48	0.00
1.10	1.48	0.00
1.10	1.48	0.00
1.11	1.47	0.00
1.11	1.47	0.00
1.11	1.47	0.00
1.11	1.47	0.00
1.11	1.47	0.00
1.11	1.47	0.00
1.11	1.48	0.00
1.11	1.48	0.00
1.11	1.48	0.00
1.11	1.47	0.00
1.12	1.47	0.00
1.12	1.47	0.00
1.12	1.47	0.00
1.12	1.47	0.00
1.12	1.47	0.00
1.12	1.47	0.00
1.12	1.47	0.00
1.12	1.48	0.00
1.12	1.48	0.00
1.13	1.48	0.00
1.13	1.48	0.00
1.13	1.48	0.00
1.13	1.47	0.00
1.13	1.47	0.00
1.13	1.47	0.00
1.13	1.47	0.00
1.13	1.47	0.00
1.13	1.47	0.00
1.13	1.47	0.00
1.14	1.47	0.00
1.14	1.47	0.00
1.14	1.47	0.00
1.14	1.47	0.00
1.14	1.47	0.00
1.14	1.47	0.00
1.14	1.47	0.00
1.14	1.47	0.00
1.14	1.47	0.00
1.14	1.47	0.00
1.15	1.47	0.00
1.15	1.47	0.00
1.15	1.47	0.00
1.15	1.47	0.00
1.15	1.47	0.00
1.15	1.47	0.00
1.15	1.47	0.00
1.15	1.47	0.00
1.15	1.47	0.00
1.15	1.47	0.00
1.16	1.47	0.00
1.16	1.47	0.00
1.16	1.47	0.00
1.16	1.47	0.00
1.16	1.47	0.00
1.16	1.47	0.00
1.16	1.47	0.00
1.16	1.47	0.00
1.16	1.47	0.00
1.16	1.47	0.00
1.17	1.47	0.00
1.17	1.47	0.00
1.17	1.47	0.00
1.17	1.47	0.00
1.17	1.47	0.00
1.17	1.47	0.00
1.17	1.47	0.00
1.17	1.47	0.00
1.17	1.47	0.00
1.17	1.47	0.00
1.18	1.47	0.00
1.18	1.47	0.00
1.18	1.47	0.00
1.18	1.47	0.00
1.18	1.47	0.00
1.18	1.47	0.00
1.18	1.47	0.00
1.18	1.47	0.00
1.18	1.47	0.00
1.18	1.47	0.00
1.19	1.47	0.00
1.19	1.47	0.00
1.19	1.47	0.00
1.19	1.47	0.00
1.19	1.47	0.00
1.19	1.47	0.00
1.19	1.47	0.00
1.19	1.47	0.00
1.19	1.47	0.00
1.19	1.47	0.00
1.20	1.47	0.00
1.20	1.47	0.00
1.20	1.47	0.00
1.20	1.47	0.00
1.20	1.47	0.00
1.20	1.47	0.00
1.20	1.47	0.00
1.20	1.47	0.00
1.20	1.47	0.00
1.20	1.47	0.00
1.21	1.47	0.00
1.21	1.47	0.00
1.21	1.47	0.00
1.21	1.47	0.00
1.21	1.47	0.00
1.21	1.47	0.00
1.21	1.47	0.00
1.21	1.47	0.00
1.21	1.47	0.00
1.21	1.47	0.00
1.22	1.47	0.00
1.22	1.47	0.00
1.22	1.47	0.00
1.22	1.47	0.00
1.22	1.47	0.00
1.22	1.47	0.00
1.22	1.47	0.00
1.22	1.47	0.00
1.22	1.47	0.00
1.22	1.47	0.00
1.23	1.47	0.00
1.23	1.47	0.00
1.23	1.47	0.00
1.23	1.47	0.00
1.23	1.47	0.00
1.23	1.47	0.00
1.23	1.47	0.00
1.23	1.47	0.00
1.23	1.47	0.00
1.23	1.47	0.00
1.24	1.47	0.00
1.24	1.47	0.00
1.24	1.47	0.00
1.24	1.47	0.00
1.24	1.47	0.00
1.24	1.47	0.00
1.24	1.47	0.00
1.24	1.47	0.00
1.24	1.47	0.00
1.24	1.47	0.00
1.25	1.47	0.00
1.25	1.47	0.00
1.25	1.47	0.00
1.25	1.47	0.00
1.25	1.47	0.00
1.25	1.47	0.00
1.25	1.47	0.00
1.25	1.47	0.00
1.25	1.47	0.00
1.25	1.47	0.00
1.25	1.47	0.00
1.26	1.47	0.00
1.26	1.47	0.00
1.26	1.47	0.00
1.26	1.47	0.00
1.26	1.47	0.00
1.26	1.47	0.00
1.26	1.48	0.00
1.26	1.48	0.00
1.26	1.48	0.00
1.26	1.47	0.00
1.27	1.47	0.00
1.27	1.47	0.00
1.27	1.47	0.00
1.27	1.47	0.00
1.27	1.47	0.00
1.27	1.47	0.00
1.27	1.47	0.00
1.27	1.47	0.00
1.27	1.47	0.00
1.27	1.47	0.00
1.28	1.47	0.00
1.28	1.47	0.00
1.28	1.47	0.00
1.28	1.47	0.00
1.28	1.47	0.00
1.28	1.47	0.00
1.28	1.47	0.00
1.28	1.47	0.00
1.28	1.47	0.00
1.28	1.47	0.00
1.29	1.47	0.00
1.29	1.47	0.00
1.29	1.47	0.00
1.29	1.47	0.00
1.29	1.47	0.00
1.29	1.47	0.00
1.29	1.47	0.00
1.29	1.47	0.00
1.29	1.47	0.00
1.29	1.47	0.00
1.30	1.47	0.00
1.30	1.47	0.00
1.30	1.47	0.00
1.30	1.47	0.00
1.30	1.47	0.00
1.30	1.47	0.00
1.30	1.47	0.00
1.30	1.47	0.00
1.30	1.48	0.00
1.30	1.48	0.00
1.31	1.47	0.00
1.31	1.47	0.00
1.31	1.47	0.00
1.31	1.47	0.00
1.31	1.47	0.00
1.31	1.47	0.00
1.31	1.47	0.00
1.31	1.47	0.00
1.31	1.47	0.00
1.31	1.47	0.00
1.32	1.47	0.00
1.32	1.47	0.00
1.32	1.47	0.00
1.32	1.47	0.00
1.32	1.47	0.00
1.32	1.47	0.00
1.32	1.47	0.00
1.32	1.47	0.00
1.32	1.47	0.00
1.32	1.47	0.00
1.33	1.47	0.00
1.33	1.47	0.00
1.33	1.47	0.00
1.33	1.47	0.00
1.33	1.47	0.00
1.33	1.47	0.00
1.33	1.47	0.00
1.33	1.47	0.00
1.33	1.47	0.00
1.33	1.47	0.00
1.34	1.47	0.00
1.34	1.46	0.00
1.34	1.47	0.00
1.34	1.47	0.00
1.34	1.47	0.00
1.34	1.47	0.00
1.34	1.47	0.00
1.34	1.47	0.00
1.34	1.47	0.00
1.34	1.47	0.00
1.35	1.47	0.00
1.35	1.46	0.00
1.35	1.46	0.00
1.35	1.47	0.00
1.35	1.47	0.00
1.35	1.47	0.00
1.35	1.47	0.00
1.35	1.46	0.00
1.35	1.47	0.00
1.35	1.47	0.00
1.36	1.47	0.00
1.36	1.46	0.00
1.36	1.47	0.00
1.36	1.47	0.00
1.36	1.47	0.00
1.36	1.47	0.00
1.36	1.46	0.00
1.36	1.46	0.00
1.36	1.46	0.00
1.36	1.47	0.00
1.37	1.47	0.00
1.37	1.47	0.00
1.37	1.46	0.00
1.37	1.47	0.00
1.37	1.47	0.00
1.37	1.46	0.00
1.37	1.46	0.00
1.37	1.46	0.00
1.37	1.46	0.00
1.38	1.46	0.00
1.38	1.46	0.00
1.38	1.46	0.00
1.38	1.46	0.00
1.38	1.46	0.00
1.38	1.46	0.00
1.38	1.46	0.00
1.38	1.46	0.00
1.38	1.46	0.00
1.38	1.46	0.00
1.39	1.46	0.00
1.39	1.46	0.00
1.39	1.46	0.00
1.39	1.46	0.00
1.39	1.47	0.00
1.39	1.46	0.00
1.39	1.46	0.00
1.39	1.46	0.00
1.39	1.46	0.00
1.39	1.46	0.00
1.40	1.46	0.00
1.40	1.47	0.00
1.40	1.46	0.00
1.40	1.46	0.00
1.40	1.46	0.00
1.40	1.46	0.00
1.40	1.46	0.00
1.40	1.46	0.00
1.40	1.46	0.00
1.40	1.46	0.00
1.41	1.46	0.00
1.41	1.46	0.00
1.41	1.46	0.00
1.41	1.46	0.00
1.41	1.46	0.00
1.41	1.46	0.00
1.41	1.46	0.00
1.41	1.46	0.00
1.41	1.46	0.00
1.41	1.46	0.00
1.42	1.46	0.00
1.42	1.46	0.00
1.42	1.46	0.00
1.42	1.46	0.00
1.42	1.46	0.00
1.42	1.46	0.00
1.42	1.46	0.00
1.42	1.46	0.00
1.42	1.46	0.00
1.42	1.46	0.00
1.43	1.46	0.00
1.43	1.46	0.00
1.43	1.46	0.00
1.43	1.46	0.00
1.43	1.46	0.00
1.43	1.46	0.00
1.43	1.46	0.00
1.43	1.46	0.00
1.43	1.46	0.00
1.43	1.46	0.00
1.44	1.46	0.00
1.44	1.46	0.00
1.44	1.46	0.00
1.44	1.46	0.00
1.44	1.46	0.00
1.44	1.46	0.00
1.44	1.46	0.00
1.44	1.46	0.00
1.44	1.46	0.00
1.44	1.46	0.00
1.45	1.46	0.00
1.45	1.46	0.00
1.45	1.46	0.00
1.45	1.46	0.00
1.45	1.46	0.00
1.45	1.47	0.00
1.45	1.47	0.00
1.45	1.47	0.00
1.45	1.47	0.00
1.45	1.46	0.00
1.46	1.46	0.00
1.46	1.46	0.00
1.46	1.46	0.00
1.46	1.46	0.00
1.46	1.46	0.00
1.46	1.46	0.00
1.46	1.47	0.00
1.46	1.47	0.00
1.46	1.47	0.00
1.46	1.46	0.00
1.47	1.46	0.00
1.47	1.46	0.00
1.47	1.46	0.00
1.47	1.46	0.00
1.47	1.46	0.00
1.47	1.46	0.00
1.47	1.46	0.00
1.47	1.47	0.00
1.47	1.46	0.00
1.47	1.46	0.00
1.48	1.46	0.00
1.48	1.46	0.00
1.48	1.46	0.00
1.48	1.46	0.00
1.48	1.47	0.00
1.48	1.46	0.00
1.48	1.47	0.00
1.48	1.47	0.00
1.48	1.47	0.00
1.48	1.46	0.00
1.49	1.46	0.00
1.49	1.46	0.00
1.49	1.46	0.00
1.49	1.46	0.00
1.49	1.46	0.00
1.49	1.46	0.00
1.49	1.46	0.00
1.49	1.47	0.00
1.49	1.47	0.00
1.49	1.47	0.00
1.50	1.46	0.00
1.50	1.47	0.00
1.50	1.46	0.00
1.50	1.46	0.00
1.50	1.46	0.00
1.50	1.46	0.00
1.50	1.46	0.00
1.50	1.46	0.00
1.50	1.46	0.00
1.50	1.46	0.00
1.50	1.47	0.00
1.51	1.46	0.00
1.51	1.47	0.00
1.51	1.47	0.00
1.51	1.47	0.00
1.51	1.47	0.00
1.51	1.47	0.00
1.51	1.46	0.00
1.51	1.46	0.00
1.51	1.47	0.00
1.51	1.47	0.00
1.52	1.47	0.00
1.52	1.47	0.00
1.52	1.47	0.00
1.52	1.47	0.00
1.52	1.47	0.00
1.52	1.47	0.00
1.52	1.47	0.00
1.52	1.47	0.00
1.52	1.47	0.00
1.52	1.47	0.00
1.53	1.47	0.00
1.53	1.46	0.00
1.53	1.46	0.00
1.53	1.46	0.00
1.53	1.46	0.00
1.53	1.46	0.00
1.53	1.47	0.00
1.53	1.47	0.00
1.53	1.47	0.00
1.53	1.47	0.00
1.54	1.47	0.00
1.54	1.47	0.00
1.54	1.47	0.00
1.54	1.47	0.00
1.54	1.47	0.00
1.54	1.47	0.00
1.54	1.47	0.00
1.54	1.47	0.00
1.54	1.47	0.00
1.54	1.47	0.00
1.55	1.46	0.00
1.55	1.47	0.00
1.55	1.46	0.00
1.55	1.47	0.00
1.55	1.47	0.00
1.55	1.47	0.00
1.55	1.46	0.00
1.55	1.47	0.00
1.55	1.47	0.00
1.55	1.47	0.00
1.56	1.47	0.00
1.56	1.47	0.00
1.56	1.47	0.00
1.56	1.46	0.00
1.56	1.46	0.00
1.56	1.46	0.00
1.56	1.46	0.00
1.56	1.46	0.00
1.56	1.47	0.00
1.56	1.47	0.00
1.57	1.47	0.00
1.57	1.46	0.00
1.57	1.46	0.00
1.57	1.46	0.00
1.57	1.46	0.00
1.57	1.46	0.00
1.57	1.46	0.00
1.57	1.46	0.00
1.57	1.46	0.00
1.57	1.47	0.00
1.58	1.47	0.00
1.58	1.47	0.00
1.58	1.47	0.00
1.58	1.47	0.00
1.58	1.47	0.00
1.58	1.47	0.00
1.58	1.46	0.00
1.58	1.46	0.00
1.58	1.46	0.00
1.58	1.46	0.00
1.59	1.46	0.00
1.59	1.46	0.00
1.59	1.46	0.00
1.59	1.47	0.00
1.59	1.47	0.00
1.59	1.47	0.00
1.59	1.47	0.00
1.59	1.46	0.00
1.59	1.46	0.00
1.59	1.46	0.00
1.60	1.46	0.00
1.60	1.46	0.00
1.60	1.47	0.00
1.60	1.47	0.00
1.60	1.47	0.00
1.60	1.47	0.00
1.60	1.47	0.00
1.60	1.47	0.00
1.60	1.47	0.00
1.60	1.46	0.00
1.61	1.46	0.00
1.61	1.46	0.00
1.61	1.46	0.00
1.61	1.46	0.00
1.61	1.46	0.00
1.61	1.47	0.00
1.61	1.47	0.00
1.61	1.46	0.00
1.61	1.46	0.00
1.61	1.46	0.00
1.62	1.46	0.00
1.62	1.46	0.00
1.62	1.46	0.00
1.62	1.46	0.00
1.62	1.46	0.00
1.62	1.46	0.00
1.62	1.46	0.00
1.62	1.46	0.00
1.62	1.46	0.00
1.63	1.46	0.00
1.63	1.46	0.00
1.63	1.46	0.00
1.63	1.46	0.00
1.63	1.46	0.00
1.63	1.46	0.00
1.63	1.46	0.00
1.63	1.46	0.00
1.63	1.46	0.00
1.63	1.46	0.00
1.64	1.46	0.00
1.64	1.46	0.00
1.64	1.46	0.00
1.64	1.46	0.00
1.64	1.46	0.00
1.64	1.47	0.00
1.64	1.46	0.00
1.64	1.46	0.00
1.64	1.46	0.00
1.64	1.46	0.00
1.65	1.46	0.00
1.65	1.46	0.00
1.65	1.46	0.00
1.65	1.46	0.00
1.65	1.46	0.00
1.65	1.46	0.00
1.65	1.46	0.00
1.65	1.46	0.00
1.65	1.46	0.00
1.65	1.46	0.00
1.66	1.46	0.00
1.66	1.46	0.00
1.66	1.46	0.00
1.66	1.46	0.00
1.66	1.46	0.00
1.66	1.46	0.00
1.66	1.46	0.00
1.66	1.46	0.00
1.66	1.45	0.00
1.66	1.45	0.00
1.67	1.45	0.00
1.67	1.45	0.00
1.67	1.45	0.00
1.67	1.45	0.00
1.67	1.46	0.00
1.67	1.46	0.00
1.67	1.46	0.00
1.67	1.45	0.00
1.67	1.45	0.00
1.67	1.45	0.00
1.68	1.45	0.00
1.68	1.45	0.00
1.68	1.45	0.00
1.68	1.45	0.00
1.68	1.45	0.00
1.68	1.45	0.00
1.68	1.46	0.00
1.68	1.46	0.00
1.68	1.46	0.00
1.68	1.46	0.00
1.69	1.46	0.00
1.69	1.46	0.00
1.69	1.46	0.00
1.69	1.45	0.00
1.69	1.45	0.00
1.69	1.46	0.00
1.69	1.46	0.00
1.69	1.46	0.00
1.69	1.46	0.00
1.69	1.45	0.00
1.70	1.45	0.00
1.70	1.45	0.00
1.70	1.45	0.00
1.70	1.45	0.00
1.70	1.45	0.00
1.70	1.45	0.00
1.70	1.45	0.00
1.70	1.45	0.00
1.70	1.45	0.00
1.70	1.45	0.00
1.71	1.45	0.00
1.71	1.45	0.00
1.71	1.45	0.00
1.71	1.45	0.00
1.71	1.45	0.00
1.71	1.45	0.00
1.71	1.45	0.00
1.71	1.45	0.00
1.71	1.45	0.00
1.71	1.45	0.00
1.72	1.45	0.00
1.72	1.45	0.00
1.72	1.45	0.00
1.72	1.45	0.00
1.72	1.45	0.00
1.72	1.45	0.00
1.72	1.45	0.00
1.72	1.45	0.00
1.72	1.45	0.00
1.72	1.45	0.00
1.73	1.45	0.00
1.73	1.45	0.00
1.73	1.45	0.00
1.73	1.45	0.00
1.73	1.45	0.00
1.73	1.45	0.00
1.73	1.45	0.00
1.73	1.46	0.00
1.73	1.46	0.00
1.73	1.46	0.00
1.74	1.45	0.00
1.74	1.45	0.00
1.74	1.45	0.00
1.74	1.45	0.00
1.74	1.45	0.00
1.74	1.45	0.00
1.74	1.45	0.00
1.74	1.45	0.00
1.74	1.45	0.00
1.74	1.45	0.00
1.75	1.45	0.00
1.75	1.45	0.00
1.75	1.45	0.00
1.75	1.45	0.00
1.75	1.45	0.00
1.75	1.45	0.00
1.75	1.45	0.00
1.75	1.45	0.00
1.75	1.45	0.00
1.75	1.45	0.00
1.75	1.45	0.00
1.76	1.45	0.00
1.76	1.45	0.00
1.76	1.45	0.00
1.76	1.45	0.00
1.76	1.45	0.00
1.76	1.45	0.00
1.76	1.45	0.00
1.76	1.46	0.00
1.76	1.45	0.00
1.76	1.45	0.00
1.77	1.45	0.00
1.77	1.45	0.00
1.77	1.45	0.00
1.77	1.45	0.00
1.77	1.45	0.00
1.77	1.46	0.00
1.77	1.46	0.00
1.77	1.46	0.00
1.77	1.46	0.00
1.77	1.46	0.00
1.78	1.46	0.00
1.78	1.46	0.00
1.78	1.45	0.00
1.78	1.45	0.00
1.78	1.45	0.00
1.78	1.45	0.00
1.78	1.45	0.00
1.78	1.45	0.00
1.78	1.45	0.00
1.78	1.46	0.00
1.79	1.46	0.00
1.79	1.46	0.00
1.79	1.46	0.00
1.79	1.46	0.00
1.79	1.45	0.00
1.79	1.45	0.00
1.79	1.45	0.00
1.79	1.45	0.00
1.79	1.45	0.00
1.79	1.45	0.00
1.80	1.45	0.00
1.80	1.45	0.00
1.80	1.46	0.00
1.80	1.45	0.00
1.80	1.45	0.00
1.80	1.45	0.00
1.80	1.45	0.00
1.80	1.45	0.00
1.80	1.45	0.00
1.80	1.45	0.00
1.81	1.46	0.00
1.81	1.46	0.00
1.81	1.46	0.00
1.81	1.46	0.00
1.81	1.45	0.00
1.81	1.45	0.00
1.81	1.45	0.00
1.81	1.45	0.00
1.81	1.46	0.00
1.81	1.46	0.00
1.82	1.46	0.00
1.82	1.46	0.00
1.82	1.46	0.00
1.82	1.46	0.00
1.82	1.46	0.00
1.82	1.45	0.00
1.82	1.45	0.00
1.82	1.46	0.00
1.82	1.46	0.00
1.82	1.46	0.00
1.83	1.45	0.00
1.83	1.45	0.00
1.83	1.45	0.00
1.83	1.45	0.00
1.83	1.45	0.00
1.83	1.45	0.00
1.83	1.45	0.00
1.83	1.45	0.00
1.83	1.46	0.00
1.83	1.46	0.00
1.84	1.46	0.00
1.84	1.46	0.00
1.84	1.46	0.00
1.84	1.45	0.00
1.84	1.45	0.00
1.84	1.45	0.00
1.84	1.45	0.00
1.84	1.45	0.00
1.84	1.45	0.00
1.84	1.46	0.00
1.85	1.45	0.00
1.85	1.46	0.00
1.85	1.45	0.00
1.85	1.45	0.00
1.85	1.45	0.00
1.85	1.45	0.00
1.85	1.45	0.00
1.85	1.45	0.00
1.85	1.45	0.00
1.85	1.44	0.00
1.86	1.45	0.00
1.86	1.45	0.00
1.86	1.45	0.00
1.86	1.45	0.00
1.86	1.45	0.00
1.86	1.45	0.00
1.86	1.45	0.00
1.86	1.45	0.00
1.86	1.45	0.00
1.86	1.45	0.00
1.87	1.45	0.00
1.87	1.45	0.00
1.87	1.45	0.00
1.87	1.45	0.00
1.87	1.45	0.00
1.87	1.45	0.00
1.87	1.45	0.00
1.87	1.45	0.00
1.87	1.44	0.00
1.88	1.45	0.00
1.88	1.45	0.00
1.88	1.45	0.00
1.88	1.45	0.00
1.88	1.45	0.00
1.88	1.44	0.00
1.88	1.44	0.00
1.88	1.44	0.00
1.88	1.44	0.00
1.88	1.45	0.00
1.89	1.45	0.00
1.89	1.45	0.00
1.89	1.45	0.00
1.89	1.45	0.00
1.89	1.45	0.00
1.89	1.45	0.00
1.89	1.45	0.00
1.89	1.45	0.00
1.89	1.45	0.00
1.89	1.45	0.00
1.90	1.45	0.00
1.90	1.45	0.00
1.90	1.45	0.00
1.90	1.45	0.00
1.90	1.45	0.00
1.90	1.45	0.00
1.90	1.45	0.00
1.90	1.45	0.00
1.90	1.44	0.00
1.90	1.44	0.00
1.91	1.44	0.00
1.91	1.44	0.00
1.91	1.44	0.00
1.91	1.44	0.00
1.91	1.44	0.00
1.91	1.44	0.00
1.91	1.45	0.00
1.91	1.45	0.00
1.91	1.44	0.00
1.91	1.44	0.00
1.92	1.44	0.00
1.92	1.44	0.00
1.92	1.44	0.00
1.92	1.44	0.00
1.92	1.45	0.00
1.92	1.45	0.00
1.92	1.44	0.00
1.92	1.44	0.00
1.92	1.44	0.00
1.92	1.44	0.00
1.93	1.44	0.00
1.93	1.44	0.00
1.93	1.44	0.00
1.93	1.45	0.00
1.93	1.45	0.00
1.93	1.45	0.00
1.93	1.45	0.00
1.93	1.44	0.00
1.93	1.44	0.00
1.93	1.44	0.00
1.94	1.44	0.00
1.94	1.44	0.00
1.94	1.44	0.00
1.94	1.44	0.00
1.94	1.44	0.00
1.94	1.44	0.00
1.94	1.44	0.00
1.94	1.45	0.00
1.94	1.45	0.00
1.94	1.45	0.00
1.95	1.45	0.00
1.95	1.45	0.00
1.95	1.45	0.00
1.95	1.44	0.00
1.95	1.44	0.00
1.95	1.44	0.00
1.95	1.44	0.00
1.95	1.45	0.00
1.95	1.45	0.00
1.95	1.45	0.00
1.96	1.45	0.00
1.96	1.45	0.00
1.96	1.45	0.00
1.96	1.44	0.00
1.96	1.45	0.00
1.96	1.44	0.00
1.96	1.44	0.00
1.96	1.44	0.00
1.96	1.44	0.00
1.96	1.44	0.00
1.97	1.45	0.00
1.97	1.45	0.00
1.97	1.45	0.00
1.97	1.45	0.00
1.97	1.45	0.00
1.97	1.45	0.00
1.97	1.45	0.00
1.97	1.44	0.00
1.97	1.44	0.00
1.97	1.44	0.00
1.98	1.44	0.00
1.98	1.44	0.00
1.98	1.44	0.00
1.98	1.45	0.00
1.98	1.45	0.00
1.98	1.45	0.00
1.98	1.45	0.00
1.98	1.44	0.00
1.98	1.44	0.00
1.98	1.44	0.00
1.99	1.44	0.00
1.99	1.44	0.00
1.99	1.45	0.00
1.99	1.45	0.00
1.99	1.45	0.00
1.99	1.45	0.00
1.99	1.45	0.00
1.99	1.45	0.00
1.99	1.45	0.00
1.99	1.45	0.00
2.00	1.45	0.00
2.00	1.45	0.00
2.00	1.45	0.00
2.00	1.45	0.00
2.00	1.46	0.00
2.00	1.46	0.00
2.00	1.45	0.00
2.00	1.45	0.00
2.00	1.45	0.00
2.00	1.45	0.00
2.00	1.45	0.00
2.01	1.45	0.00
2.01	1.45	0.00
2.01	1.45	0.00
2.01	1.45	0.00
2.01	1.45	0.00
2.01	1.45	0.00
2.01	1.45	0.00
2.01	1.45	0.00
2.01	1.45	0.00
2.02	1.45	0.00
2.02	1.45	0.00
2.02	1.45	0.00
2.02	1.45	0.00
2.02	1.45	0.00
2.02	1.45	0.00
2.02	1.45	0.00
2.02	1.45	0.00
2.02	1.45	0.00
2.02	1.45	0.00
2.02	1.45	0.00
2.03	1.45	0.00
2.03	1.45	0.00
2.03	1.45	0.00
2.03	1.45	0.00
2.03	1.45	0.00
2.03	1.45	0.00
2.03	1.45	0.00
2.03	1.45	0.00
2.03	1.46	0.00
2.04	1.45	0.00
2.04	1.45	0.00
2.04	1.45	0.00
2.04	1.45	0.00
2.04	1.45	0.00
2.04	1.45	0.00
2.04	1.45	0.00
2.04	1.45	0.00
2.04	1.45	0.00
2.04	1.45	0.00
2.04	1.45	0.00
2.05	1.45	0.00
2.05	1.45	0.00
2.05	1.45	0.00
2.05	1.45	0.00
2.05	1.45	0.00
2.05	1.45	0.00
2.05	1.45	0.00
2.05	1.45	0.00
2.05	1.45	0.00
2.06	1.45	0.00
2.06	1.45	0.00
2.06	1.44	0.00
2.06	1.45	0.00
2.06	1.45	0.00
2.06	1.45	0.00
2.06	1.45	0.00
2.06	1.45	0.00
2.06	1.44	0.00
2.06	1.44	0.00
2.06	1.44	0.00
2.07	1.44	0.00
2.07	1.44	0.00
2.07	1.44	0.00
2.07	1.45	0.00
2.07	1.45	0.00
2.07	1.44	0.00
2.07	1.45	0.00
2.07	1.45	0.00
2.07	1.45	0.00
2.08	1.45	0.00
2.08	1.45	0.00
2.08	1.45	0.00
2.08	1.45	0.00
2.08	1.45	0.00
2.08	1.45	0.00
2.08	1.45	0.00
2.08	1.45	0.00
2.08	1.44	0.00
2.08	1.44	0.00
2.08	1.44	0.00
2.09	1.44	0.00
2.09	1.45	0.00
2.09	1.45	0.00
2.09	1.45	0.00
2.09	1.45	0.00
2.09	1.45	0.00
2.09	1.44	0.00
2.09	1.44	0.00
2.09	1.44	0.00
2.10	1.44	0.00
2.10	1.45	0.00
2.10	1.45	0.00
2.10	1.45	0.00
2.10	1.45	0.00
2.10	1.45	0.00
2.10	1.45	0.00
2.10	1.45	0.00
2.10	1.45	0.00
2.10	1.45	0.00
2.10	1.45	0.00
2.11	1.45	0.00
2.11	1.45	0.00
2.11	1.45	0.00
2.11	1.44	0.00
2.11	1.44	0.00
2.11	1.45	0.00
2.11	1.44	0.00
2.11	1.44	0.00
2.11	1.44	0.00
2.12	1.44	0.00
2.12	1.45	0.00
2.12	1.45	0.00
2.12	1.45	0.00
2.12	1.45	0.00
2.12	1.45	0.00
2.12	1.44	0.00
2.12	1.44	0.00
2.12	1.44	0.00
2.12	1.44	0.00
2.13	1.44	0.00
2.13	1.44	0.00
2.13	1.45	0.00
2.13	1.44	0.00
2.13	1.45	0.00
2.13	1.45	0.00
2.13	1.44	0.00
2.13	1.44	0.00
2.13	1.44	0.00
2.13	1.44	0.00
2.13	1.44	0.00
2.14	1.44	0.00
2.14	1.44	0.00
2.14	1.44	0.00
2.14	1.45	0.00
2.14	1.45	0.00
2.14	1.45	0.00
2.14	1.45	0.00
2.14	1.45	0.00
2.14	1.45	0.00
2.15	1.45	0.00
2.15	1.44	0.00
2.15	1.44	0.00
2.15	1.44	0.00
2.15	1.44	0.00
2.15	1.44	0.00
2.15	1.44	0.00
2.15	1.45	0.00
2.15	1.45	0.00
2.15	1.45	0.00
2.15	1.44	0.00
2.16	1.44	0.00
2.16	1.44	0.00
2.16	1.44	0.00
2.16	1.44	0.00
2.16	1.44	0.00
2.16	1.45	0.00
2.16	1.45	0.00
2.16	1.45	0.00
2.16	1.45	0.00
2.17	1.45	0.00
2.17	1.45	0.00
2.17	1.45	0.00
2.17	1.45	0.00
2.17	1.45	0.00
2.17	1.45	0.00
2.17	1.45	0.00
2.17	1.44	0.00
2.17	1.44	0.00
2.17	1.44	0.00
2.17	1.44	0.00
2.18	1.44	0.00
2.18	1.44	0.00
2.18	1.44	0.00
2.18	1.44	0.00
2.18	1.44	0.00
2.18	1.44	0.00
2.18	1.44	0.00
2.18	1.44	0.00
2.18	1.44	0.00
2.19	1.44	0.00
2.19	1.44	0.00
2.19	1.44	0.00
2.19	1.44	0.00
2.19	1.45	0.00
2.19	1.45	0.00
2.19	1.44	0.00
2.19	1.43	0.00
2.19	1.43	0.00
2.19	1.43	0.00
2.19	1.43	0.00
2.20	1.44	0.00
2.20	1.44	0.00
2.20	1.44	0.00
2.20	1.44	0.00
2.20	1.44	0.00
2.20	1.43	0.00
2.20	1.43	0.00
2.20	1.43	0.00
2.20	1.44	0.00
2.21	1.44	0.00
2.21	1.44	0.00
2.21	1.44	0.00
2.21	1.44	0.00
2.21	1.44	0.00
2.21	1.44	0.00
2.21	1.44	0.00
2.21	1.44	0.00
2.21	1.44	0.00
2.21	1.43	0.00
2.21	1.43	0.00
2.22	1.43	0.00
2.22	1.43	0.00
2.22	1.43	0.00
2.22	1.43	0.00
2.22	1.43	0.00
2.22	1.43	0.00
2.22	1.43	0.00
2.22	1.43	0.00
2.22	1.43	0.00
2.23	1.43	0.00
2.23	1.43	0.00
2.23	1.43	0.00
2.23	1.43	0.00
2.23	1.43	0.00
2.23	1.43	0.00
2.23	1.43	0.00
2.23	1.43	0.00
2.23	1.42	0.00
2.23	1.42	0.00
2.23	1.42	0.00
2.24	1.42	0.00
2.24	1.42	0.00
2.24	1.42	0.00
2.24	1.42	0.00
2.24	1.42	0.00
2.24	1.42	0.00
2.24	1.42	0.00
2.24	1.42	0.00
2.24	1.42	0.00
2.25	1.42	0.00
2.25	1.42	0.00
2.25	1.41	0.00
2.25	1.41	0.00
2.25	1.41	0.00
2.25	1.41	0.00
2.25	1.41	0.00
2.25	1.41	0.00
2.25	1.41	0.00
2.25	1.41	0.00
2.25	1.41	0.00
2.26	1.41	0.00
2.26	1.41	0.00
2.26	1.41	0.00
2.26	1.41	0.00
2.26	1.41	0.00
2.26	1.41	0.00
2.26	1.41	0.00
2.26	1.41	0.00
2.26	1.41	0.00
2.27	1.42	0.00
2.27	1.42	0.00
2.27	1.42	0.00
2.27	1.42	0.00
2.27	1.42	0.00
2.27	1.42	0.00
2.27	1.42	0.00
2.27	1.42	0.00
2.27	1.42	0.00
2.27	1.41	0.00
2.27	1.41	0.00
2.28	1.41	0.00
2.28	1.41	0.00
2.28	1.42	0.00
2.28	1.42	0.00
2.28	1.42	0.00
2.28	1.42	0.00
2.28	1.42	0.00
2.28	1.42	0.00
2.28	1.42	0.00
2.29	1.42	0.00
2.29	1.41	0.00
2.29	1.41	0.00
2.29	1.41	0.00
2.29	1.41	0.00
2.29	1.41	0.00
2.29	1.41	0.00
2.29	1.41	0.00
2.29	1.41	0.00
2.29	1.41	0.00
2.29	1.41	0.00
2.30	1.41	0.00
2.30	1.41	0.00
2.30	1.41	0.00
2.30	1.41	0.00
2.30	1.41	0.00
2.30	1.42	0.00
2.30	1.42	0.00
2.30	1.42	0.00
2.30	1.42	0.00
2.31	1.42	0.00
2.31	1.42	0.00
2.31	1.42	0.00
2.31	1.42	0.00
2.31	1.42	0.00
2.31	1.42	0.00
2.31	1.42	0.00
2.31	1.42	0.00
2.31	1.42	0.00
2.31	1.41	0.00
2.31	1.41	0.00
2.32	1.42	0.00
2.32	1.42	0.00
2.32	1.42	0.00
2.32	1.42	0.00
2.32	1.42	0.00
2.32	1.42	0.00
2.32	1.42	0.00
2.32	1.42	0.00
2.32	1.42	0.00
2.33	1.42	0.00
2.33	1.41	0.00
2.33	1.41	0.00
2.33	1.41	0.00
2.33	1.41	0.00
2.33	1.41	0.00
2.33	1.42	0.00
2.33	1.42	0.00
2.33	1.42	0.00
2.33	1.42	0.00
2.33	1.42	0.00
2.34	1.42	0.00
2.34	1.42	0.00
2.34	1.42	0.00
2.34	1.42	0.00
2.34	1.42	0.00
2.34	1.42	0.00
2.34	1.42	0.00
2.34	1.42	0.00
2.34	1.42	0.00
2.35	1.42	0.00
2.35	1.42	0.00
2.35	1.41	0.00
2.35	1.42	0.00
2.35	1.41	0.00
2.35	1.41	0.00
2.35	1.41	0.00
2.35	1.41	0.00
2.35	1.40	0.00
2.35	1.40	0.00
2.35	1.41	0.00
2.36	1.41	0.00
2.36	1.41	0.00
2.36	1.41	0.00
2.36	1.42	0.00
2.36	1.42	0.00
2.36	1.43	0.00
2.36	1.42	0.00
2.36	1.42	0.00
2.36	1.42	0.00
2.37	1.42	0.00
2.37	1.42	0.00
2.37	1.42	0.00
2.37	1.42	0.00
2.37	1.42	0.00
2.37	1.42	0.00
2.37	1.42	0.00
2.37	1.41	0.00
2.37	1.41	0.00
2.37	1.41	0.00
2.38	1.41	0.00
2.38	1.41	0.00
2.38	1.41	0.00
2.38	1.41	0.00
2.38	1.41	0.00
2.38	1.41	0.00
2.38	1.41	0.00
2.38	1.41	0.00
2.38	1.42	0.00
2.38	1.42	0.00
2.38	1.42	0.00
2.39	1.42	0.00
2.39	1.42	0.00
2.39	1.41	0.00
2.39	1.41	0.00
2.39	1.41	0.00
2.39	1.41	0.00
2.39	1.40	0.00
2.39	1.40	0.00
2.39	1.40	0.00
2.40	1.40	0.00
2.40	1.40	0.00
2.40	1.40	0.00
2.40	1.40	0.00
2.40	1.40	0.00
2.40	1.40	0.00
2.40	1.40	0.00
2.40	1.41	0.00
2.40	1.41	0.00
2.40	1.41	0.00
2.40	1.41	0.00
2.41	1.42	0.00
2.41	1.42	0.00
2.41	1.41	0.00
2.41	1.41	0.00
2.41	1.41	0.00
2.41	1.41	0.00
2.41	1.41	0.00
2.41	1.41	0.00
2.41	1.41	0.00
2.42	1.42	0.00
2.42	1.42	0.00
2.42	1.42	0.00
2.42	1.42	0.00
2.42	1.41	0.00
2.42	1.41	0.00
2.42	1.42	0.00
2.42	1.41	0.00
2.42	1.41	0.00
2.42	1.42	0.00
2.42	1.42	0.00
2.43	1.42	0.00
2.43	1.41	0.00
2.43	1.41	0.00
2.43	1.41	0.00
2.43	1.42	0.00
2.43	1.42	0.00
2.43	1.42	0.00
2.43	1.42	0.00
2.43	1.42	0.00
2.44	1.41	0.00
2.44	1.41	0.00
2.44	1.41	0.00
2.44	1.41	0.00
2.44	1.41	0.00
2.44	1.41	0.00
2.44	1.42	0.00
2.44	1.42	0.00
2.44	1.42	0.00
2.44	1.43	0.00
2.44	1.43	0.00
2.45	1.42	0.00
2.45	1.42	0.00
2.45	1.42	0.00
2.45	1.42	0.00
2.45	1.42	0.00
2.45	1.41	0.00
2.45	1.41	0.00
2.45	1.41	0.00
2.45	1.41	0.00
2.46	1.41	0.00
2.46	1.41	0.00
2.46	1.41	0.00
2.46	1.42	0.00
2.46	1.42	0.00
2.46	1.43	0.00
2.46	1.43	0.00
2.46	1.43	0.00
2.46	1.43	0.00
2.46	1.43	0.00
2.46	1.43	0.00
2.47	1.43	0.00
2.47	1.43	0.00
2.47	1.43	0.00
2.47	1.44	0.00
2.47	1.44	0.00
2.47	1.44	0.00
2.47	1.44	0.00
2.47	1.44	0.00
2.47	1.44	0.00
2.48	1.43	0.00
2.48	1.42	0.00
2.48	1.41	0.00
2.48	1.41	0.00
2.48	1.41	0.00
2.48	1.41	0.00
2.48	1.41	0.00
2.48	1.41	0.00
2.48	1.41	0.00
2.48	1.41	0.00
2.48	1.41	0.00
2.49	1.42	0.00
2.49	1.42	0.00
2.49	1.42	0.00
2.49	1.42	0.00
2.49	1.42	0.00
2.49	1.42	0.00
2.49	1.42	0.00
2.49	1.42	0.00
2.49	1.41	0.00
2.50	1.40	0.00
2.50	1.40	0.00
2.50	1.40	0.00
2.50	1.40	0.00
2.50	1.41	0.00
2.50	1.42	0.00
