lambda	n	k
300	1.482454	2.08E-04
301	1.482133	2.10E-04
302	1.481816	2.11E-04
303	1.481502	2.12E-04
304	1.481191	2.14E-04
305	1.480883	2.15E-04
306	1.480578	2.16E-04
307	1.480276	2.18E-04
308	1.479977	2.19E-04
309	1.479681	2.20E-04
310	1.479388	2.22E-04
311	1.479097	2.23E-04
312	1.47881	2.24E-04
313	1.478525	2.25E-04
314	1.478243	2.27E-04
315	1.477963	2.28E-04
316	1.477686	2.29E-04
317	1.477412	2.30E-04
318	1.47714	2.32E-04
319	1.476871	2.33E-04
320	1.476605	2.34E-04
321	1.476341	2.35E-04
322	1.476079	2.36E-04
323	1.47582	2.37E-04
324	1.475563	2.39E-04
325	1.475309	2.40E-04
326	1.475056	2.41E-04
327	1.474807	2.42E-04
328	1.474559	2.43E-04
329	1.474314	2.44E-04
330	1.474071	2.45E-04
331	1.47383	2.46E-04
332	1.473591	2.47E-04
333	1.473355	2.48E-04
334	1.47312	2.49E-04
335	1.472888	2.50E-04
336	1.472658	2.51E-04
337	1.47243	2.52E-04
338	1.472204	2.53E-04
339	1.471979	2.54E-04
340	1.471757	2.55E-04
341	1.471537	2.56E-04
342	1.471319	2.57E-04
343	1.471102	2.58E-04
344	1.470888	2.58E-04
345	1.470675	2.59E-04
346	1.470464	2.60E-04
347	1.470255	2.61E-04
348	1.470048	2.62E-04
349	1.469843	2.63E-04
350	1.469639	2.63E-04
351	1.469437	2.64E-04
352	1.469237	2.65E-04
353	1.469038	2.66E-04
354	1.468842	2.66E-04
355	1.468646	2.67E-04
356	1.468453	2.68E-04
357	1.468261	2.69E-04
358	1.468071	2.69E-04
359	1.467882	2.70E-04
360	1.467695	2.71E-04
361	1.467509	2.71E-04
362	1.467325	2.72E-04
363	1.467143	2.72E-04
364	1.466962	2.73E-04
365	1.466782	2.74E-04
366	1.466604	2.74E-04
367	1.466427	2.75E-04
368	1.466252	2.75E-04
369	1.466078	2.76E-04
370	1.465906	2.76E-04
371	1.465735	2.77E-04
372	1.465566	2.77E-04
373	1.465397	2.78E-04
374	1.465231	2.78E-04
375	1.465065	2.79E-04
376	1.464901	2.79E-04
377	1.464738	2.80E-04
378	1.464576	2.80E-04
379	1.464416	2.80E-04
380	1.464257	2.81E-04
381	1.464099	2.81E-04
382	1.463942	2.82E-04
383	1.463787	2.82E-04
384	1.463633	2.82E-04
385	1.46348	2.83E-04
386	1.463328	2.83E-04
387	1.463178	2.83E-04
388	1.463028	2.83E-04
389	1.46288	2.84E-04
390	1.462733	2.84E-04
391	1.462587	2.84E-04
392	1.462442	2.85E-04
393	1.462298	2.85E-04
394	1.462155	2.85E-04
395	1.462014	2.85E-04
396	1.461873	2.85E-04
397	1.461734	2.86E-04
398	1.461595	2.86E-04
399	1.461458	2.86E-04
400	1.461322	2.86E-04
401	1.461186	2.86E-04
402	1.461052	2.86E-04
403	1.460919	2.86E-04
404	1.460786	2.86E-04
405	1.460655	2.87E-04
406	1.460524	2.87E-04
407	1.460395	2.87E-04
408	1.460267	2.87E-04
409	1.460139	2.87E-04
410	1.460012	2.87E-04
411	1.459887	2.87E-04
412	1.459762	2.87E-04
413	1.459638	2.87E-04
414	1.459515	2.87E-04
415	1.459393	2.87E-04
416	1.459272	2.87E-04
417	1.459151	2.87E-04
418	1.459032	2.87E-04
419	1.458913	2.87E-04
420	1.458796	2.87E-04
421	1.458679	2.87E-04
422	1.458562	2.87E-04
423	1.458447	2.86E-04
424	1.458333	2.86E-04
425	1.458219	2.86E-04
426	1.458106	2.86E-04
427	1.457994	2.86E-04
428	1.457883	2.86E-04
429	1.457772	2.86E-04
430	1.457663	2.85E-04
431	1.457554	2.85E-04
432	1.457445	2.85E-04
433	1.457338	2.85E-04
434	1.457231	2.85E-04
435	1.457125	2.85E-04
436	1.45702	2.84E-04
437	1.456915	2.84E-04
438	1.456812	2.84E-04
439	1.456708	2.84E-04
440	1.456606	2.83E-04
441	1.456504	2.83E-04
442	1.456403	2.83E-04
443	1.456303	2.83E-04
444	1.456203	2.82E-04
445	1.456104	2.82E-04
446	1.456006	2.82E-04
447	1.455908	2.81E-04
448	1.455811	2.81E-04
449	1.455715	2.81E-04
450	1.455619	2.80E-04
451	1.455524	2.80E-04
452	1.45543	2.80E-04
453	1.455336	2.79E-04
454	1.455243	2.79E-04
455	1.45515	2.79E-04
456	1.455058	2.78E-04
457	1.454967	2.78E-04
458	1.454876	2.78E-04
459	1.454786	2.77E-04
460	1.454696	2.77E-04
461	1.454607	2.76E-04
462	1.454518	2.76E-04
463	1.454431	2.75E-04
464	1.454343	2.75E-04
465	1.454257	2.75E-04
466	1.45417	2.74E-04
467	1.454085	2.74E-04
468	1.454	2.73E-04
469	1.453915	2.73E-04
470	1.453831	2.72E-04
471	1.453748	2.72E-04
472	1.453665	2.71E-04
473	1.453582	2.71E-04
474	1.4535	2.70E-04
475	1.453419	2.70E-04
476	1.453338	2.69E-04
477	1.453258	2.69E-04
478	1.453178	2.68E-04
479	1.453098	2.68E-04
480	1.45302	2.67E-04
481	1.452941	2.67E-04
482	1.452863	2.66E-04
483	1.452786	2.66E-04
484	1.452709	2.65E-04
485	1.452633	2.65E-04
486	1.452557	2.64E-04
487	1.452481	2.64E-04
488	1.452406	2.63E-04
489	1.452331	2.62E-04
490	1.452257	2.62E-04
491	1.452184	2.61E-04
492	1.45211	2.61E-04
493	1.452038	2.60E-04
494	1.451965	2.60E-04
495	1.451893	2.59E-04
496	1.451822	2.58E-04
497	1.451751	2.58E-04
498	1.45168	2.57E-04
499	1.45161	2.57E-04
500	1.45154	2.56E-04
501	1.451471	2.55E-04
502	1.451402	2.55E-04
503	1.451333	2.54E-04
504	1.451265	2.53E-04
505	1.451198	2.53E-04
506	1.45113	2.52E-04
507	1.451063	2.52E-04
508	1.450997	2.51E-04
509	1.450931	2.50E-04
510	1.450865	2.50E-04
511	1.4508	2.49E-04
512	1.450735	2.48E-04
513	1.45067	2.48E-04
514	1.450606	2.47E-04
515	1.450542	2.46E-04
516	1.450479	2.46E-04
517	1.450416	2.45E-04
518	1.450353	2.44E-04
519	1.45029	2.44E-04
520	1.450228	2.43E-04
521	1.450167	2.42E-04
522	1.450105	2.42E-04
523	1.450045	2.41E-04
524	1.449984	2.40E-04
525	1.449924	2.40E-04
526	1.449864	2.39E-04
527	1.449804	2.38E-04
528	1.449745	2.38E-04
529	1.449686	2.37E-04
530	1.449627	2.36E-04
531	1.449569	2.35E-04
532	1.449511	2.35E-04
533	1.449454	2.34E-04
534	1.449396	2.33E-04
535	1.44934	2.33E-04
536	1.449283	2.32E-04
537	1.449227	2.31E-04
538	1.449171	2.30E-04
539	1.449115	2.30E-04
540	1.44906	2.29E-04
541	1.449005	0.0002283
542	1.44895	2.28E-04
543	1.448895	2.27E-04
544	1.448841	2.26E-04
545	1.448787	2.25E-04
546	1.448734	2.25E-04
547	1.44868	2.24E-04
548	1.448627	2.23E-04
549	1.448575	2.23E-04
550	1.448522	2.22E-04
551	1.44847	2.21E-04
552	1.448418	2.20E-04
553	1.448367	2.20E-04
554	1.448316	2.19E-04
555	1.448265	2.18E-04
556	1.448214	2.17E-04
557	1.448163	2.17E-04
558	1.448113	2.16E-04
559	1.448063	2.15E-04
560	1.448014	2.14E-04
561	1.447964	2.14E-04
562	1.447915	2.13E-04
563	1.447866	2.12E-04
564	1.447818	2.11E-04
565	1.447769	2.11E-04
566	1.447721	2.10E-04
567	1.447674	2.09E-04
568	1.447626	2.09E-04
569	1.447579	2.08E-04
570	1.447532	2.07E-04
571	1.447485	2.06E-04
572	1.447438	2.06E-04
573	1.447392	2.05E-04
574	1.447346	2.04E-04
575	1.4473	2.03E-04
576	1.447254	2.03E-04
577	1.447209	2.02E-04
578	1.447164	2.01E-04
579	1.447119	2.00E-04
580	1.447074	2.00E-04
581	1.44703	1.99E-04
582	1.446986	1.98E-04
583	1.446942	1.97E-04
584	1.446898	1.97E-04
585	1.446854	1.96E-04
586	1.446811	1.95E-04
587	1.446768	1.94E-04
588	1.446725	1.94E-04
589	1.446682	1.93E-04
590	1.44664	1.92E-04
591	1.446598	1.91E-04
592	1.446556	1.91E-04
593	1.446514	1.90E-04
594	1.446472	1.89E-04
595	1.446431	1.88E-04
596	1.44639	1.88E-04
597	1.446349	1.87E-04
598	1.446308	1.86E-04
599	1.446267	1.86E-04
600	1.446227	1.85E-04
601	1.446187	1.84E-04
602	1.446147	1.83E-04
603	1.446107	1.83E-04
604	1.446068	1.82E-04
605	1.446028	1.81E-04
606	1.445989	1.80E-04
607	1.44595	1.80E-04
608	1.445911	1.79E-04
609	1.445873	1.78E-04
610	1.445834	1.78E-04
611	1.445796	1.77E-04
612	1.445758	1.76E-04
613	1.44572	1.75E-04
614	1.445683	1.75E-04
615	1.445645	1.74E-04
616	1.445608	1.73E-04
617	1.445571	1.72E-04
618	1.445534	1.72E-04
619	1.445497	1.71E-04
620	1.445461	1.70E-04
621	1.445424	1.70E-04
622	1.445388	1.69E-04
623	1.445352	1.68E-04
624	1.445316	1.67E-04
625	1.44528	1.67E-04
626	1.445245	1.66E-04
627	1.445209	1.65E-04
628	1.445174	1.65E-04
629	1.445139	1.64E-04
630	1.445104	1.63E-04
631	1.44507	1.63E-04
632	1.445035	1.62E-04
633	1.445001	1.61E-04
634	1.444967	1.60E-04
635	1.444933	1.60E-04
636	1.444899	1.59E-04
637	1.444865	1.58E-04
638	1.444831	1.58E-04
639	1.444798	1.57E-04
640	1.444765	1.56E-04
641	1.444732	1.56E-04
642	1.444699	1.55E-04
643	1.444666	1.54E-04
644	1.444633	1.54E-04
645	1.444601	1.53E-04
646	1.444569	1.52E-04
647	1.444536	1.51E-04
648	1.444504	1.51E-04
649	1.444472	1.50E-04
650	1.444441	1.49E-04
651	1.444409	1.49E-04
652	1.444378	1.48E-04
653	1.444346	1.47E-04
654	1.444315	1.47E-04
655	1.444284	1.46E-04
656	1.444253	1.45E-04
657	1.444223	1.45E-04
658	1.444192	1.44E-04
659	1.444162	1.43E-04
660	1.444131	1.43E-04
661	1.444101	1.42E-04
662	1.444071	1.42E-04
663	1.444041	1.41E-04
664	1.444011	1.40E-04
665	1.443982	1.40E-04
666	1.443952	1.39E-04
667	1.443923	1.38E-04
668	1.443894	1.38E-04
669	1.443865	1.37E-04
670	1.443836	1.36E-04
671	1.443807	1.36E-04
672	1.443778	1.35E-04
673	1.443749	1.34E-04
674	1.443721	1.34E-04
675	1.443693	1.33E-04
676	1.443664	1.33E-04
677	1.443636	1.32E-04
678	1.443608	1.31E-04
679	1.443581	1.31E-04
680	1.443553	1.30E-04
681	1.443525	1.29E-04
682	1.443498	1.29E-04
683	1.44347	1.28E-04
684	1.443443	1.28E-04
685	1.443416	1.27E-04
686	1.443389	1.26E-04
687	1.443362	1.26E-04
688	1.443335	1.25E-04
689	1.443309	1.25E-04
690	1.443282	1.24E-04
691	1.443256	1.23E-04
692	1.44323	1.23E-04
693	1.443203	1.22E-04
694	1.443177	1.22E-04
695	1.443151	1.21E-04
696	1.443126	1.20E-04
697	1.4431	1.20E-04
698	1.443074	1.19E-04
699	1.443049	1.19E-04
700	1.443023	1.18E-04
701	1.442998	1.17E-04
702	1.442973	1.17E-04
703	1.442948	1.16E-04
704	1.442923	1.16E-04
705	1.442898	1.15E-04
706	1.442873	1.15E-04
707	1.442848	1.14E-04
708	1.442824	1.13E-04
709	1.442799	1.13E-04
710	1.442775	1.12E-04
711	1.442751	1.12E-04
712	1.442727	1.11E-04
713	1.442703	1.11E-04
714	1.442679	1.10E-04
715	1.442655	1.10E-04
716	1.442631	1.09E-04
717	1.442608	1.08E-04
718	1.442584	1.08E-04
719	1.442561	1.07E-04
720	1.442537	1.07E-04
721	1.442514	1.06E-04
722	1.442491	1.06E-04
723	1.442468	1.05E-04
724	1.442445	1.05E-04
725	1.442422	1.04E-04
726	1.442399	1.04E-04
727	1.442377	1.03E-04
728	1.442354	1.03E-04
729	1.442331	1.02E-04
730	1.442309	1.02E-04
731	1.442287	1.01E-04
732	1.442265	1.01E-04
733	1.442242	1.00E-04
734	1.44222	9.95E-05
735	1.442198	9.90E-05
736	1.442177	9.84E-05
737	1.442155	9.79E-05
738	1.442133	9.74E-05
739	1.442112	9.69E-05
740	1.44209	9.64E-05
741	1.442069	9.59E-05
742	1.442047	9.54E-05
743	1.442026	9.49E-05
744	1.442005	9.44E-05
745	1.441984	9.39E-05
746	1.441963	9.35E-05
747	1.441942	9.30E-05
748	1.441921	9.25E-05
749	1.4419	0.000092
750	1.44188	9.15E-05
751	1.441859	9.10E-05
752	1.441839	9.06E-05
753	1.441818	9.01E-05
754	1.441798	8.96E-05
755	1.441778	8.91E-05
756	1.441758	8.87E-05
757	1.441738	8.82E-05
758	1.441718	8.77E-05
759	1.441698	8.73E-05
760	1.441678	8.68E-05
761	1.441658	8.63E-05
762	1.441638	8.59E-05
763	1.441619	8.54E-05
764	1.441599	8.50E-05
765	1.44158	8.45E-05
766	1.44156	8.41E-05
767	1.441541	8.36E-05
768	1.441522	8.32E-05
769	1.441503	8.27E-05
770	1.441484	8.23E-05
771	1.441465	8.18E-05
772	1.441446	8.14E-05
773	1.441427	8.10E-05
774	1.441408	8.05E-05
775	1.441389	8.01E-05
776	1.441371	7.97E-05
777	1.441352	7.92E-05
778	1.441334	7.88E-05
779	1.441315	7.84E-05
780	1.441297	7.80E-05
781	1.441278	7.75E-05
782	1.44126	7.71E-05
783	1.441242	7.67E-05
784	1.441224	7.63E-05
785	1.441206	7.59E-05
786	1.441188	7.55E-05
787	1.44117	7.50E-05
788	1.441152	7.46E-05
789	1.441135	7.42E-05
790	1.441117	7.38E-05
791	1.441099	7.34E-05
792	1.441082	7.30E-05
793	1.441064	7.26E-05
794	1.441047	7.22E-05
795	1.44103	7.18E-05
796	1.441012	7.14E-05
797	1.440995	7.10E-05
798	1.440978	7.06E-05
799	1.440961	7.02E-05
800	1.440944	6.99E-05
801	1.440927	6.95E-05
802	1.44091	6.91E-05
803	1.440893	6.87E-05
804	1.440877	6.83E-05
805	1.44086	6.79E-05
806	1.440843	6.76E-05
807	1.440827	6.72E-05
808	1.44081	6.68E-05
809	1.440794	6.65E-05
810	1.440777	6.61E-05
811	1.440761	6.57E-05
812	1.440745	6.53E-05
813	1.440728	6.50E-05
814	1.440712	6.46E-05
815	1.440696	6.43E-05
816	1.44068	6.39E-05
817	1.440664	6.35E-05
818	1.440648	6.32E-05
819	1.440632	6.28E-05
820	1.440617	6.25E-05
821	1.440601	6.21E-05
822	1.440585	6.18E-05
823	1.44057	6.14E-05
824	1.440554	6.11E-05
825	1.440539	6.07E-05
826	1.440523	6.04E-05
827	1.440508	6.01E-05
828	1.440492	5.97E-05
829	1.440477	5.94E-05
830	1.440462	5.90E-05
831	1.440447	5.87E-05
832	1.440431	5.84E-05
833	1.440416	5.80E-05
834	1.440401	5.77E-05
835	1.440386	5.74E-05
836	1.440372	5.71E-05
837	1.440357	5.67E-05
838	1.440342	5.64E-05
839	1.440327	5.61E-05
840	1.440312	5.58E-05
841	1.440298	5.55E-05
842	1.440283	5.51E-05
843	1.440269	5.48E-05
844	1.440254	5.45E-05
845	1.44024	5.42E-05
846	1.440225	5.39E-05
847	1.440211	5.36E-05
848	1.440197	5.33E-05
849	1.440183	5.30E-05
850	1.440168	5.27E-05
851	1.440154	5.24E-05
852	1.44014	5.21E-05
853	1.440126	5.18E-05
854	1.440112	5.15E-05
855	1.440098	5.12E-05
856	1.440084	5.09E-05
857	1.44007	5.06E-05
858	1.440057	5.03E-05
859	1.440043	5.00E-05
860	1.440029	4.97E-05
861	1.440016	4.94E-05
862	1.440002	4.91E-05
863	1.439988	4.88E-05
864	1.439975	4.86E-05
865	1.439961	4.83E-05
866	1.439948	4.80E-05
867	1.439935	4.77E-05
868	1.439921	4.74E-05
869	1.439908	4.72E-05
870	1.439895	4.69E-05
871	1.439882	4.66E-05
872	1.439869	4.63E-05
873	1.439855	4.61E-05
874	1.439842	4.58E-05
875	1.439829	4.55E-05
876	1.439816	4.53E-05
877	1.439804	4.50E-05
878	1.439791	4.47E-05
879	1.439778	4.45E-05
880	1.439765	4.42E-05
881	1.439752	4.40E-05
882	1.43974	4.37E-05
883	1.439727	4.34E-05
884	1.439714	4.32E-05
885	1.439702	4.29E-05
886	1.439689	4.27E-05
887	1.439677	4.24E-05
888	1.439664	4.22E-05
889	1.439652	4.19E-05
890	1.43964	4.17E-05
891	1.439627	4.14E-05
892	1.439615	4.12E-05
893	1.439603	4.09E-05
894	1.439591	4.07E-05
895	1.439578	4.05E-05
896	1.439566	4.02E-05
897	1.439554	4.00E-05
898	1.439542	3.97E-05
899	1.43953	3.95E-05
900	1.439518	3.93E-05
901	1.439506	3.90E-05
902	1.439495	3.88E-05
903	1.439483	3.86E-05
904	1.439471	3.84E-05
905	1.439459	3.81E-05
906	1.439447	3.79E-05
907	1.439436	3.77E-05
908	1.439424	3.74E-05
909	1.439413	3.72E-05
910	1.439401	3.70E-05
911	1.43939	3.68E-05
912	1.439378	3.66E-05
913	1.439367	3.63E-05
914	1.439355	3.61E-05
915	1.439344	3.59E-05
916	1.439332	3.57E-05
917	1.439321	3.55E-05
918	1.43931	3.53E-05
919	1.439299	3.51E-05
920	1.439288	3.48E-05
921	1.439276	3.46E-05
922	1.439265	3.44E-05
923	1.439254	3.42E-05
924	1.439243	3.40E-05
925	1.439232	3.38E-05
926	1.439221	3.36E-05
927	1.43921	3.34E-05
928	1.439199	3.32E-05
929	1.439189	3.30E-05
930	1.439178	3.28E-05
931	1.439167	3.26E-05
932	1.439156	3.24E-05
933	1.439145	3.22E-05
934	1.439135	3.20E-05
935	1.439124	3.18E-05
936	1.439113	3.16E-05
937	1.439103	3.14E-05
938	1.439092	3.12E-05
939	1.439082	3.11E-05
940	1.439071	3.09E-05
941	1.439061	3.07E-05
942	1.43905	3.05E-05
943	1.43904	3.03E-05
944	1.43903	3.01E-05
945	1.439019	2.99E-05
946	1.439009	2.98E-05
947	1.438999	2.96E-05
948	1.438989	2.94E-05
949	1.438978	2.92E-05
950	1.438968	2.90E-05
951	1.438958	2.89E-05
952	1.438948	2.87E-05
953	1.438938	2.85E-05
954	1.438928	2.83E-05
955	1.438918	2.82E-05
956	1.438908	2.80E-05
957	1.438898	2.78E-05
958	1.438888	2.76E-05
959	1.438878	2.75E-05
960	1.438868	2.73E-05
961	1.438859	2.71E-05
962	1.438849	2.70E-05
963	1.438839	2.68E-05
964	1.438829	2.66E-05
965	1.43882	2.65E-05
966	1.43881	2.63E-05
967	1.4388	2.62E-05
968	1.438791	2.60E-05
969	1.438781	2.58E-05
970	1.438772	2.57E-05
971	1.438762	2.55E-05
972	1.438753	2.54E-05
973	1.438743	2.52E-05
974	1.438734	2.51E-05
975	1.438724	2.49E-05
976	1.438715	2.47E-05
977	1.438706	2.46E-05
978	1.438696	2.44E-05
979	1.438687	2.43E-05
980	1.438678	2.41E-05
981	1.438669	2.40E-05
982	1.438659	2.38E-05
983	1.43865	2.37E-05
984	1.438641	2.35E-05
985	1.438632	2.34E-05
986	1.438623	2.33E-05
987	1.438614	2.31E-05
988	1.438605	2.30E-05
989	1.438596	2.28E-05
990	1.438587	2.27E-05
991	1.438578	2.25E-05
992	1.438569	2.24E-05
993	1.43856	2.23E-05
994	1.438551	2.21E-05
995	1.438542	2.20E-05
996	1.438534	2.18E-05
997	1.438525	2.17E-05
998	1.438516	2.16E-05
999	1.438507	2.14E-05
1000	1.438499	2.13E-05
