lambda	n	k
350	2.7	0.01
351	2.7	0.01
352	2.7	0.01
353	2.7	0.01
354	2.7	0.01
355	2.7	0.01
356	2.7	0.01
357	2.7	0.01
358	2.7	0.01
359	2.7	0.01
360	2.7	0.01
361	2.7	0.0096677
362	2.7	9.35E-03
363	2.7	9.04E-03
364	2.7	8.74E-03
365	2.7	8.45E-03
366	2.7	0.0081646
367	2.7	7.89E-03
368	2.7	7.63E-03
369	2.7	7.38E-03
370	2.7	0.0071322
371	2.695307	6.90E-03
372	2.690677	6.67E-03
373	2.686108	6.44E-03
374	2.681601	6.23E-03
375	2.677153	0.0060233
376	2.672764	5.82E-03
377	2.668433	5.63E-03
378	2.664159	5.44E-03
379	2.659942	5.26E-03
380	2.655779	5.09E-03
381	2.651671	4.92E-03
382	2.647617	4.75E-03
383	2.643615	4.60E-03
384	2.639666	0.0044436
385	2.635767	4.30E-03
386	2.631919	4.15E-03
387	2.62812	4.02E-03
388	2.62437	3.88E-03
389	2.620668	3.75E-03
390	2.617013	3.63E-03
391	2.613405	3.51E-03
392	2.609842	3.39E-03
393	2.606325	0.0032782
394	2.602852	3.17E-03
395	2.599423	3.06E-03
396	2.596037	2.96E-03
397	2.592694	2.86E-03
398	2.589393	2.77E-03
399	2.586132	2.68E-03
400	2.582913	2.59E-03
401	2.579733	2.50E-03
402	2.576593	2.42E-03
403	2.573491	2.34E-03
404	2.570428	2.26E-03
405	2.567402	2.19E-03
406	2.564414	2.11E-03
407	2.561462	2.04E-03
408	2.558546	1.97E-03
409	2.555666	1.91E-03
410	2.552821	1.85E-03
411	2.55001	1.78E-03
412	2.547233	1.72E-03
413	2.54449	1.67E-03
414	2.541779	1.61E-03
415	2.539102	1.56E-03
416	2.536456	1.51E-03
417	2.533842	1.46E-03
418	2.531259	1.41E-03
419	2.528707	1.36E-03
420	2.526185	1.32E-03
421	2.523693	0.0012725
422	2.52123	1.23E-03
423	2.518796	1.19E-03
424	2.516391	1.15E-03
425	2.514014	1.11E-03
426	2.511665	1.07E-03
427	2.509343	1.04E-03
428	2.507049	1.00E-03
429	2.504781	9.71E-04
430	2.502539	9.39E-04
431	2.500323	9.08E-04
432	2.498133	8.77E-04
433	2.495968	8.48E-04
434	2.493828	8.20E-04
435	2.491712	7.93E-04
436	2.489621	7.66E-04
437	2.487553	7.41E-04
438	2.485509	7.16E-04
439	2.483488	6.93E-04
440	2.48149	6.70E-04
441	2.479514	6.47E-04
442	2.477561	6.26E-04
443	2.47563	6.05E-04
444	2.47372	5.85E-04
445	2.471832	5.65E-04
446	2.469965	5.47E-04
447	2.468119	5.28E-04
448	2.466293	5.11E-04
449	2.464488	4.94E-04
450	2.462702	4.78E-04
451	2.460937	4.62E-04
452	2.45919	4.46E-04
453	2.457463	4.31E-04
454	2.455755	4.17E-04
455	2.454066	4.03E-04
456	2.452395	3.90E-04
457	2.450742	3.77E-04
458	2.449108	3.64E-04
459	2.447491	3.52E-04
460	2.445891	3.41E-04
461	2.444309	3.29E-04
462	2.442744	3.18E-04
463	2.441196	3.08E-04
464	2.439664	2.98E-04
465	2.438149	2.88E-04
466	2.43665	2.78E-04
467	2.435167	2.69E-04
468	2.4337	2.60E-04
469	2.432248	2.51E-04
470	2.430812	2.43E-04
471	2.429391	2.35E-04
472	2.427985	2.27E-04
473	2.426594	2.19E-04
474	2.425217	2.12E-04
475	2.423855	2.05E-04
476	2.422507	1.98E-04
477	2.421173	1.92E-04
478	2.419853	1.85E-04
479	2.418547	1.79E-04
480	2.417255	1.73E-04
481	2.415976	1.67E-04
482	2.41471	1.62E-04
483	2.413457	1.57E-04
484	2.412217	1.51E-04
485	2.41099	1.46E-04
486	2.409775	1.41E-04
487	2.408573	1.37E-04
488	2.407383	1.32E-04
489	2.406205	1.28E-04
490	2.405039	1.24E-04
491	2.403885	1.19E-04
492	2.402743	1.15E-04
493	2.401612	1.12E-04
494	2.400493	1.08E-04
495	2.399385	1.04E-04
496	2.398288	1.01E-04
497	2.397202	9.75E-05
498	2.396127	9.43E-05
499	2.395062	9.12E-05
500	2.394009	8.81E-05
501	2.392965	8.52E-05
502	2.391933	8.24E-05
503	2.39091	7.96E-05
504	2.389897	7.70E-05
505	2.388895	7.44E-05
506	2.387902	7.20E-05
507	2.386919	6.96E-05
508	2.385946	6.73E-05
509	2.384983	6.50E-05
510	2.384028	6.29E-05
511	2.383083	6.08E-05
512	2.382148	5.87E-05
513	2.381221	5.68E-05
514	2.380303	5.49E-05
515	2.379394	5.31E-05
516	2.378494	5.13E-05
517	2.377603	4.96E-05
518	2.37672	4.80E-05
519	2.375846	4.64E-05
520	2.37498	4.48E-05
521	2.374122	4.33E-05
522	2.373273	4.19E-05
523	2.372432	4.05E-05
524	2.371598	3.92E-05
525	2.370773	3.79E-05
526	2.369955	3.66E-05
527	2.369145	3.54E-05
528	2.368343	3.42E-05
529	2.367549	3.31E-05
530	2.366761	3.20E-05
531	2.365982	3.09E-05
532	2.365209	2.99E-05
533	2.364444	2.89E-05
534	2.363686	2.79E-05
535	2.362935	2.70E-05
536	2.362191	2.61E-05
537	2.361454	2.52E-05
538	2.360723	2.44E-05
539	2.36	2.36E-05
540	2.359283	2.28E-05
541	2.358573	2.20E-05
542	2.357869	2.13E-05
543	2.357172	2.06E-05
544	2.356481	1.99E-05
545	2.355796	1.93E-05
546	2.355118	1.86E-05
547	2.354446	1.80E-05
548	2.35378	1.74E-05
549	2.35312	1.68E-05
550	2.352466	1.63E-05
551	2.351818	1.57E-05
552	2.351176	1.52E-05
553	2.350539	1.47E-05
554	2.349909	1.42E-05
555	2.349284	1.37E-05
556	2.348664	1.33E-05
557	2.34805	1.28E-05
558	2.347442	1.24E-05
559	2.346839	1.20E-05
560	2.346241	1.16E-05
561	2.345649	1.12E-05
562	2.345062	1.08E-05
563	2.34448	1.05E-05
564	2.343904	1.01E-05
565	2.343332	9.80E-06
566	2.342766	9.47E-06
567	2.342204	9.16E-06
568	2.341647	8.85E-06
569	2.341096	8.56E-06
570	2.340549	8.27E-06
571	2.340007	8.00E-06
572	2.339469	7.73E-06
573	2.338936	7.48E-06
574	2.338408	7.23E-06
575	2.337885	6.99E-06
576	2.337366	6.75E-06
577	2.336851	6.53E-06
578	2.336341	6.31E-06
579	2.335835	6.10E-06
580	2.335334	5.90E-06
581	2.334837	5.70E-06
582	2.334344	5.51E-06
583	2.333856	5.33E-06
584	2.333371	5.15E-06
585	2.332891	4.98E-06
586	2.332415	4.82E-06
587	2.331943	4.66E-06
588	2.331475	4.50E-06
589	2.331011	4.35E-06
590	2.33055	4.21E-06
591	2.330094	4.07E-06
592	2.329641	3.93E-06
593	2.329193	3.80E-06
594	2.328748	3.68E-06
595	2.328307	3.55E-06
596	2.327869	3.44E-06
597	2.327435	3.32E-06
598	2.327005	3.21E-06
599	2.326578	3.10E-06
600	2.326155	3.00E-06
601	2.325736	2.90E-06
602	2.32532	2.81E-06
603	2.324907	2.71E-06
604	2.324498	2.62E-06
605	2.324092	2.53E-06
606	2.323689	2.45E-06
607	2.32329	2.37E-06
608	2.322894	2.29E-06
609	2.322501	2.21E-06
610	2.322112	2.14E-06
611	2.321725	2.07E-06
612	2.321342	2.00E-06
613	2.320962	1.93E-06
614	2.320585	1.87E-06
615	2.320211	1.81E-06
616	2.31984	1.75E-06
617	2.319472	1.69E-06
618	2.319107	1.63E-06
619	2.318745	1.58E-06
620	2.318386	1.53E-06
621	2.31803	1.48E-06
622	2.317677	1.43E-06
623	2.317326	1.38E-06
624	2.316979	1.33E-06
625	2.316634	1.29E-06
626	2.316291	1.25E-06
627	2.315952	1.21E-06
628	2.315615	1.17E-06
629	2.315281	1.13E-06
630	2.31495	1.09E-06
631	2.314621	1.05E-06
632	2.314295	1.02E-06
633	2.313971	9.84E-07
634	2.31365	9.51E-07
635	2.313331	9.20E-07
636	2.313015	8.89E-07
637	2.312702	8.60E-07
638	2.31239	8.31E-07
639	2.312082	8.03E-07
640	2.311775	7.77E-07
641	2.311471	7.51E-07
642	2.31117	7.26E-07
643	2.310871	7.02E-07
644	2.310574	6.78E-07
645	2.310279	6.56E-07
646	2.309987	6.34E-07
647	2.309696	6.13E-07
648	2.309409	5.93E-07
649	2.309123	5.73E-07
650	2.30884	5.54E-07
651	2.308558	5.36E-07
652	2.308279	5.18E-07
653	2.308002	5.01E-07
654	2.307727	4.84E-07
655	2.307454	4.68E-07
656	2.307184	4.52E-07
657	2.306915	4.37E-07
658	2.306648	4.23E-07
659	2.306384	4.09E-07
660	2.306121	3.95E-07
661	2.30586	3.82E-07
662	2.305602	3.69E-07
663	2.305345	3.57E-07
664	2.30509	3.45E-07
665	2.304837	3.34E-07
666	2.304586	3.23E-07
667	2.304337	3.12E-07
668	2.30409	3.01E-07
669	2.303845	2.91E-07
670	2.303601	2.82E-07
671	2.303359	2.72E-07
672	2.303119	2.63E-07
673	2.302881	2.55E-07
674	2.302645	2.46E-07
675	2.30241	2.38E-07
676	2.302177	2.30E-07
677	2.301946	2.22E-07
678	2.301716	2.15E-07
679	2.301488	2.08E-07
680	2.301262	2.01E-07
681	2.301038	1.94E-07
682	2.300815	1.88E-07
683	2.300594	1.82E-07
684	2.300374	1.76E-07
685	2.300156	1.70E-07
686	2.299939	1.64E-07
687	2.299725	1.59E-07
688	2.299511	1.53E-07
689	2.299299	1.48E-07
690	2.299089	1.43E-07
691	2.298881	1.39E-07
692	2.298673	1.34E-07
693	2.298468	1.30E-07
694	2.298263	1.25E-07
695	2.298061	1.21E-07
696	2.297859	1.17E-07
697	2.297659	1.13E-07
698	2.297461	1.09E-07
699	2.297264	1.06E-07
700	2.297068	1.02E-07
701	2.296874	9.88E-08
702	2.296681	9.55E-08
703	2.29649	9.24E-08
704	2.296299	8.93E-08
705	2.296111	8.63E-08
706	2.295923	8.35E-08
707	2.295737	8.07E-08
708	2.295552	7.80E-08
709	2.295369	7.54E-08
710	2.295186	7.29E-08
711	2.295005	7.05E-08
712	2.294826	6.81E-08
713	2.294647	6.59E-08
714	2.29447	6.37E-08
715	2.294294	6.16E-08
716	2.29412	5.95E-08
717	2.293946	5.75E-08
718	2.293774	5.56E-08
719	2.293603	5.38E-08
720	2.293433	5.20E-08
721	2.293264	5.03E-08
722	2.293096	4.86E-08
723	2.29293	4.70E-08
724	2.292765	4.54E-08
725	2.292601	4.39E-08
726	2.292438	4.25E-08
727	2.292276	4.10E-08
728	2.292115	3.97E-08
729	2.291955	3.84E-08
730	2.291797	3.71E-08
731	2.291639	3.59E-08
732	2.291483	3.47E-08
733	2.291327	3.35E-08
734	2.291173	3.24E-08
735	2.29102	3.13E-08
736	2.290867	3.03E-08
737	2.290716	2.93E-08
738	2.290566	2.83E-08
739	2.290417	2.74E-08
740	2.290269	2.65E-08
741	2.290122	2.56E-08
742	2.289975	2.47E-08
743	2.28983	2.39E-08
744	2.289686	2.31E-08
745	2.289543	2.23E-08
746	2.289401	2.16E-08
747	2.289259	2.09E-08
748	2.289119	2.02E-08
749	2.288979	1.95E-08
750	2.288841	1.89E-08
751	2.288703	1.82E-08
752	2.288567	1.76E-08
753	2.288431	1.70E-08
754	2.288296	1.65E-08
755	2.288162	1.59E-08
756	2.288029	1.54E-08
757	2.287897	1.49E-08
758	2.287765	1.44E-08
759	2.287635	1.39E-08
760	2.287505	1.35E-08
761	2.287376	1.30E-08
762	2.287248	1.26E-08
763	2.287121	1.22E-08
764	2.286995	1.18E-08
765	2.286869	1.14E-08
766	2.286745	1.10E-08
767	2.286621	1.06E-08
768	2.286498	1.03E-08
769	2.286376	9.93E-09
770	2.286254	9.60E-09
771	2.286134	9.28E-09
772	2.286014	8.97E-09
773	2.285895	8.67E-09
774	2.285776	8.38E-09
775	2.285659	8.10E-09
776	2.285542	7.84E-09
777	2.285426	7.57E-09
778	2.285311	7.32E-09
779	2.285196	7.08E-09
780	2.285082	6.84E-09
781	2.284969	6.62E-09
782	2.284857	6.40E-09
783	2.284745	6.18E-09
784	2.284634	5.98E-09
785	2.284524	5.78E-09
786	2.284414	5.59E-09
787	2.284305	5.40E-09
788	2.284197	5.22E-09
789	2.28409	5.05E-09
790	2.283983	4.88E-09
791	2.283877	4.72E-09
792	2.283771	4.56E-09
793	2.283666	4.41E-09
794	2.283562	4.26E-09
795	2.283459	4.12E-09
796	2.283356	3.99E-09
797	2.283254	3.85E-09
798	2.283152	3.73E-09
799	2.283051	3.60E-09
800	2.282951	3.48E-09
801	2.282851	3.37E-09
802	2.282752	3.25E-09
803	2.282654	3.15E-09
804	2.282556	3.04E-09
805	2.282459	2.94E-09
806	2.282362	2.84E-09
807	2.282266	2.75E-09
808	2.282171	2.66E-09
809	2.282076	2.57E-09
810	2.281981	2.48E-09
811	2.281888	2.40E-09
812	2.281795	2.32E-09
813	2.281702	2.24E-09
814	2.28161	2.17E-09
815	2.281519	2.10E-09
816	2.281428	2.03E-09
817	2.281338	1.96E-09
818	2.281248	1.89E-09
819	2.281159	1.83E-09
820	2.28107	1.77E-09
821	2.280982	1.71E-09
822	2.280894	1.66E-09
823	2.280807	1.60E-09
824	2.280721	1.55E-09
825	2.280635	1.50E-09
826	2.280549	1.45E-09
827	2.280464	1.40E-09
828	2.28038	1.35E-09
829	2.280296	1.31E-09
830	2.280213	1.26E-09
831	2.28013	1.22E-09
832	2.280047	1.18E-09
833	2.279965	1.14E-09
834	2.279884	1.10E-09
835	2.279803	1.07E-09
836	2.279722	1.03E-09
837	2.279642	9.97E-10
838	2.279563	9.64E-10
839	2.279484	9.32E-10
840	2.279405	9.01E-10
841	2.279327	8.71E-10
842	2.27925	8.42E-10
843	2.279172	8.14E-10
844	2.279096	7.87E-10
845	2.279019	7.61E-10
846	2.278944	7.36E-10
847	2.278868	7.11E-10
848	2.278793	6.87E-10
849	2.278719	6.65E-10
850	2.278645	6.43E-10
851	2.278571	6.21E-10
852	2.278498	6.01E-10
853	2.278425	5.81E-10
854	2.278353	5.61E-10
855	2.278281	5.43E-10
856	2.278209	5.25E-10
857	2.278138	5.07E-10
858	2.278068	4.90E-10
859	2.277997	4.74E-10
860	2.277928	4.58E-10
861	2.277858	4.43E-10
862	2.277789	4.28E-10
863	2.27772	4.14E-10
864	2.277652	4.00E-10
865	2.277584	3.87E-10
866	2.277517	3.74E-10
867	2.27745	3.62E-10
868	2.277383	3.50E-10
869	2.277317	3.38E-10
870	2.277251	3.27E-10
871	2.277185	3.16E-10
872	2.27712	3.05E-10
873	2.277055	2.95E-10
874	2.276991	2.86E-10
875	2.276927	2.76E-10
876	2.276863	2.67E-10
877	2.2768	2.58E-10
878	2.276737	2.49E-10
879	2.276674	2.41E-10
880	2.276612	2.33E-10
881	2.27655	2.25E-10
882	2.276488	2.18E-10
883	2.276427	2.11E-10
884	2.276366	2.04E-10
885	2.276306	1.97E-10
886	2.276246	1.90E-10
887	2.276186	1.84E-10
888	2.276126	1.78E-10
889	2.276067	1.72E-10
890	2.276008	1.66E-10
891	2.27595	1.61E-10
892	2.275892	1.55E-10
893	2.275834	1.50E-10
894	2.275776	1.45E-10
895	2.275719	1.40E-10
896	2.275662	1.36E-10
897	2.275606	1.31E-10
898	2.275549	1.27E-10
899	2.275493	1.23E-10
900	2.275438	1.19E-10
901	2.275382	1.15E-10
902	2.275327	1.11E-10
903	2.275273	1.07E-10
904	2.275218	1.04E-10
905	2.275164	1.00E-10
906	2.27511	9.68E-11
907	2.275057	9.36E-11
908	2.275004	9.05E-11
909	2.274951	8.75E-11
910	2.274898	8.46E-11
911	2.274846	8.18E-11
912	2.274793	7.90E-11
913	2.274742	7.64E-11
914	2.27469	7.39E-11
915	2.274639	7.14E-11
916	2.274588	6.91E-11
917	2.274537	6.68E-11
918	2.274487	6.45E-11
919	2.274437	6.24E-11
920	2.274387	6.03E-11
921	2.274337	5.83E-11
922	2.274288	5.64E-11
923	2.274239	5.45E-11
924	2.27419	5.27E-11
925	2.274142	5.09E-11
926	2.274094	4.92E-11
927	2.274046	4.76E-11
928	2.273998	4.60E-11
929	2.27395	4.45E-11
930	2.273903	4.30E-11
931	2.273856	4.16E-11
932	2.273809	4.02E-11
933	2.273763	3.89E-11
934	2.273717	3.76E-11
935	2.273671	3.63E-11
936	2.273625	3.51E-11
937	2.27358	3.40E-11
938	2.273534	3.28E-11
939	2.273489	3.17E-11
940	2.273445	3.07E-11
941	2.2734	2.97E-11
942	2.273356	2.87E-11
943	2.273312	2.77E-11
944	2.273268	2.68E-11
945	2.273224	2.59E-11
946	2.273181	2.51E-11
947	2.273138	2.42E-11
948	2.273095	2.34E-11
949	2.273052	2.26E-11
950	2.27301	2.19E-11
951	2.272968	2.12E-11
952	2.272926	2.05E-11
953	2.272884	1.98E-11
954	2.272842	1.91E-11
955	2.272801	1.85E-11
956	2.27276	1.79E-11
957	2.272719	1.73E-11
958	2.272678	1.67E-11
959	2.272638	1.61E-11
960	2.272597	1.56E-11
961	2.272557	1.51E-11
962	2.272517	1.46E-11
963	2.272478	1.41E-11
964	2.272438	1.36E-11
965	2.272399	1.32E-11
966	2.27236	1.27E-11
967	2.272321	1.23E-11
968	2.272282	1.19E-11
969	2.272244	1.15E-11
970	2.272206	1.11E-11
971	2.272168	1.08E-11
972	2.27213	1.04E-11
973	2.272092	1.01E-11
974	2.272055	9.72E-12
975	2.272017	9.40E-12
976	2.27198	9.09E-12
977	2.271943	8.79E-12
978	2.271907	8.49E-12
979	2.27187	8.21E-12
980	2.271834	7.94E-12
981	2.271798	7.68E-12
982	2.271762	7.42E-12
983	2.271726	7.17E-12
984	2.27169	6.94E-12
985	2.271655	6.71E-12
986	2.27162	6.48E-12
987	2.271584	6.27E-12
988	2.27155	6.06E-12
989	2.271515	5.86E-12
990	2.27148	5.66E-12
991	2.271446	5.47E-12
992	2.271412	5.29E-12
993	2.271378	5.12E-12
994	2.271344	4.95E-12
995	2.27131	4.78E-12
996	2.271277	4.62E-12
997	2.271243	4.47E-12
998	2.27121	4.32E-12
999	2.271177	4.18E-12
1000	2.271144	4.04E-12
