lambda	n	k
0.349997036	2.027707832	0.674061607
0.350647367	2.002654183	0.700495379
0.351297134	1.977511985	0.7282813
0.351947315	1.952344344	0.757481642
0.352596898	1.9272251	0.788153911
0.353246872	1.902237604	0.820352303
0.353897225	1.877471294	0.854130236
0.354546936	1.853027345	0.889528157
0.355197002	1.82901626	0.926574595
0.355847414	1.805553457	0.965299584
0.356497136	1.782757575	1.005706006
0.357147178	1.760757475	1.047796205
0.35779753	1.739676186	1.091550839
0.358447145	1.719641523	1.136937539
0.359097044	1.700769855	1.183907978
0.359747216	1.683179609	1.232405614
0.360396604	1.666975123	1.282355669
0.361047289	1.652249595	1.333678644
0.361697162	1.639086466	1.386284401
0.362347261	1.627554342	1.440080948
0.362997576	1.617710584	1.494970747
0.363647029	1.609604132	1.550859588
0.36429667	1.603262187	1.607653458
0.364947561	1.598713388	1.665264093
0.365597549	1.595973111	1.723606733
0.36624661	1.595051127	1.782604302
0.366896895	1.595952943	1.842187774
0.367547313	1.598679264	1.902292141
0.368196761	1.603235603	1.962858731
0.368847411	1.609617692	2.02383772
0.369497062	1.61783117	2.085180495
0.370146794	1.627878947	2.146848822
0.370796598	1.639767618	2.208806882
0.371446461	1.653511938	2.271017774
0.37209749	1.669122709	2.333450368
0.372747443	1.68662179	2.396076598
0.373397421	1.706034275	2.458866191
0.374047414	1.727388142	2.521787023
0.374697408	1.75072058	2.584809964
0.375347393	1.776071086	2.647900773
0.375997356	1.803484968	2.711023428
0.376647285	1.833013987	2.774135951
0.377297169	1.864714029	2.837193756
0.377946995	1.89864745	2.900143469
0.378596752	1.934878147	2.962928187
0.379246426	1.973476786	3.02548023
0.379897169	2.014519503	3.087723891
0.380546646	2.058081622	3.149571393
0.381197175	2.104241647	3.210923996
0.381846404	2.1530835	3.271670607
0.382496668	2.204686468	3.331684622
0.383146783	2.259129822	3.390825497
0.383796735	2.316489764	3.448933868
0.384446512	2.376840614	3.50583247
0.385097296	2.440243597	3.561326833
0.385746687	2.506754614	3.615198293
0.386397068	2.576410952	3.667211938
0.387047229	2.649238214	3.717108166
0.387697157	2.725236092	3.764607782
0.388346838	2.804381439	3.80941403
0.38899626	2.886617544	3.851206414
0.389646633	2.971855562	3.88965236
0.390296727	3.059961972	3.924406614
0.390946528	3.150761436	3.955115375
0.39159726	3.244025083	3.98142421
0.392246438	3.339472276	4.002985771
0.392896528	3.436763649	4.019463196
0.393546278	3.535504203	4.030549586
0.394196927	3.635239686	4.035970463
0.394847216	3.735460035	4.035498937
0.395497131	3.835608678	4.028968098
0.396146657	3.93508465	4.016278278
0.396797051	4.033258307	3.997409482
0.397447035	4.129481522	3.97242969
0.398096596	4.223103237	3.941497298
0.398747001	4.313485253	3.904865558
0.399396962	4.400021104	3.8628792
0.400046463	4.482150455	3.815970742
0.400696785	4.559373869	3.764647404
0.401346627	4.631267014	3.709487047
0.401997276	4.697490436	3.651114405
0.402646116	4.757794607	3.590194914
0.403297054	4.81202292	3.527410464
0.403946151	4.860114064	3.463447519
0.404597341	4.902092902	3.39898291
0.40524666	4.9380693	3.334667661
0.405896738	4.968227061	3.271120623
0.406546239	4.992816989	3.208915936
0.407196485	5.012141894	3.148580055
0.40784613	5.026553713	3.090587684
0.408496506	5.03643987	3.03535938
0.409146259	5.042213974	2.983261932
0.409796728	5.044311995	2.934611304
0.410446551	5.043183415	2.889672812
0.411097075	5.03928847	2.848666054
0.411746929	5.033093907	2.811763552
0.412396098	5.025071223	2.779098918
0.413047317	5.015692141	2.750764922
0.413696454	5.005432708	2.726816201
0.414346251	4.994768222	2.707269767
0.414996703	4.984176745	2.692106578
0.415646414	4.97413699	2.681268133
0.416296764	4.965124764	2.674655851
0.416946348	4.957619355	2.672128304
0.417596556	4.952093147	2.673500802
0.418245974	4.949013532	2.678537837
0.418895999	4.948835071	2.686951537
0.419546628	4.95199733	2.698399072
0.420196433	4.958913972	2.712480006
0.420846826	4.969966539	2.728733663
0.421496369	4.985491914	2.746639697
0.422146483	5.00577416	2.765620173
0.422797164	5.031029293	2.785041427
0.423446962	5.061396029	2.80422534
0.424095858	5.096920878	2.822455036
0.424746746	5.137552788	2.83899078
0.425396716	5.183128067	2.853080188
0.426047215	5.233368567	2.863986132
0.426696769	5.287877854	2.870996725
0.427346833	5.346143243	2.873457426
0.427995927	5.407543549	2.870786866
0.428646995	5.471360272	2.862502965
0.429297074	5.536794739	2.848240858
0.429946146	5.602994578	2.827770896
0.430597183	5.669075365	2.801006157
0.431247196	5.734154106	2.768010714
0.431896164	5.797375696	2.728993398
0.432547089	5.857944929	2.684302292
0.433196952	5.915149415	2.634401755
0.433847252	5.968379951	2.579858375
0.434496462	6.017146141	2.521310708
0.435146091	6.061082017	2.459442053
0.435796134	6.099948346	2.394957165
0.436446585	6.133624583	2.328555458
0.437095899	6.162102768	2.260909226
0.437747147	6.185470266	2.192647352
0.438395689	6.203895203	2.124343589
0.439046155	6.217608406	2.056505358
0.439696995	6.226890978	1.989573134
0.44034664	6.232055169	1.923918302
0.440996639	6.233430785	1.859846592
0.441646986	6.231358276	1.797600058
0.442296098	6.226174466	1.737365385
0.442947122	6.21820714	1.679276641
0.44359689	6.207771411	1.623427206
0.444246976	6.195164477	1.569870346
0.444895777	6.180661614	1.5186303
0.445546476	6.164518708	1.469704356
0.446195869	6.146970671	1.423070073
0.446847159	6.128228365	1.378688831
0.447497122	6.108485907	1.336510409
0.448145738	6.087915672	1.296474923
0.448796238	6.066674214	1.25851739
0.449447	6.04489968	1.222567849
0.450096384	6.022718662	1.188553775
0.450746008	6.000242375	1.156403286
0.451395867	5.97757172	1.126043369
0.452045954	5.954797278	1.097401758
0.452696264	5.932001861	1.070409307
0.453346789	5.909260148	1.044995455
0.453995862	5.886642059	1.021094869
0.454646797	5.864209423	0.998640154
0.455296256	5.842025071	0.977566842
0.455945897	5.8201437	0.957811403
0.456595713	5.798619763	0.939308874
0.457245698	5.777505888	0.921994733
0.457895845	5.756851267	0.905801585
0.458546147	5.736702433	0.890659758
0.459196599	5.717104769	0.876496969
0.459845487	5.698099379	0.863236085
0.460496212	5.679722767	0.850794167
0.461147065	5.662003572	0.839085483
0.461796322	5.644964895	0.828014892
0.462445684	5.628619328	0.817487332
0.463096874	5.612967554	0.807399999
0.463746433	5.597995013	0.797651657
0.464396076	5.583675021	0.78814132
0.465045798	5.569962794	0.778771809
0.465695591	5.55679923	0.769452849
0.466345449	5.5441117	0.760108242
0.466995363	5.531811835	0.750674485
0.467647092	5.519808861	0.741107184
0.468297105	5.508001109	0.731379664
0.46894538	5.496292617	0.721486332
0.469595452	5.484587101	0.711439153
0.470245545	5.472800638	0.701268008
0.470895653	5.46085838	0.691016821
0.471545767	5.448698486	0.680738714
0.47219588	5.436277502	0.670494653
0.472845985	5.423561668	0.660349272
0.473496074	5.410534547	0.650364575
0.47414614	5.397190992	0.640601751
0.474796175	5.383534142	0.631117944
0.475446172	5.369577819	0.621961374
0.476096122	5.355339217	0.613178711
0.476746019	5.340843505	0.604805214
0.477395855	5.326113754	0.596873283
0.478045621	5.311176851	0.589406094
0.47869531	5.296059902	0.582426381
0.479346767	5.280788407	0.575948091
0.479996283	5.265386175	0.569983834
0.480645699	5.249877	0.56454275
0.481296874	5.234281317	0.559634613
0.481946069	5.218620185	0.555262674
0.482597018	5.202908835	0.551434801
0.483245961	5.187165394	0.548155839
0.483896651	5.171404458	0.545430168
0.484545309	5.155638298	0.543264449
0.485195708	5.139882503	0.541666079
0.485845951	5.124147144	0.540642164
0.486496031	5.108444955	0.540203531
0.487145939	5.092789898	0.54036001
0.487795666	5.077192631	0.541123845
0.488445204	5.0616685	0.542510834
0.489096475	5.046231328	0.544537066
0.489745615	5.030898431	0.547219356
0.490396481	5.01568915	0.550579376
0.49104519	5.000624374	0.55463874
0.491695617	4.985727908	0.559421824
0.492345814	4.971028313	0.564953531
0.492995773	4.956558346	0.571262316
0.493645485	4.942356476	0.578374914
0.494296911	4.928463683	0.586322673
0.494946108	4.914931836	0.595134398
0.495595031	4.901816149	0.604840106
0.496245657	4.889182021	0.615467984
0.496896003	4.877103098	0.627044362
0.497546059	4.865662164	0.639592289
0.498195816	4.854954152	0.653130782
0.498845266	4.845083496	0.66767064
0.49949641	4.836166955	0.683213593
0.500145222	4.828330125	0.699751242
0.500795722	4.821713517	0.717259536
0.501445887	4.816465541	0.735697156
0.50209571	4.812744283	0.755001676
0.502745181	4.81071368	0.775084582
0.503396334	4.810542152	0.795830258
0.504045077	4.81239303	0.81709037
0.504695495	4.816425639	0.838681068
0.505345534	4.822783467	0.860383849
0.505995184	4.831585709	0.881941304
0.506646507	4.84292279	0.903062095
0.507295358	4.856841222	0.923421169
0.507945872	4.873337978	0.942668048
0.508595971	4.89235148	0.960438967
0.509245644	4.913754714	0.976363347
0.509894882	4.937348324	0.990080035
0.510545778	4.962869183	1.001254479
0.51119623	4.989985018	1.009594214
0.511846228	5.018307967	1.014861988
0.512495763	5.047406123	1.016891622
0.513144825	5.076820255	1.015595341
0.513795533	5.106081872	1.010970864
0.514445758	5.134731538	1.003099181
0.515095492	5.16233718	0.992141703
0.515746869	5.188512018	0.978328658
0.516395593	5.212925203	0.961945511
0.517045952	5.235311006	0.943319316
0.517695789	5.255471176	0.922804034
0.518345095	5.273277541	0.900758582
0.518996032	5.288666128	0.877541688
0.519646427	5.301628008	0.853492549
0.520296271	5.312206794	0.828927632
0.520945554	5.320484304	0.804128864
0.521596459	5.326574256	0.779348001
0.522246793	5.33061042	0.754796296
0.522896546	5.332741711	0.730653238
0.523545706	5.333125527	0.707062862
0.524196481	5.33191693	0.684140441
0.524846653	5.329272433	0.661970287
0.525496213	5.325338559	0.640617486
0.52614515	5.320257876	0.620124076
0.526795692	5.314158352	0.600515602
0.5274456	5.307161797	0.581804384
0.528094865	5.299376912	0.563990833
0.52874573	5.290900111	0.54706854
0.529395941	5.281819375	0.53102346
0.530045487	5.272212847	0.515837482
0.530696629	5.262147889	0.501488186
0.531344819	5.251684399	0.487953922
0.531994594	5.240871638	0.475211028
0.53264596	5.229754925	0.4632349
0.533296629	5.218370385	0.452006053
0.53394659	5.206750878	0.441502782
0.534595832	5.194919752	0.431707342
0.535246655	5.182900412	0.422607001
0.535896749	5.170709158	0.414189802
0.536546101	5.158360427	0.406450854
0.537194702	5.145864562	0.399389641
0.537844872	5.133230705	0.393010779
0.538496619	5.120465945	0.38732608
0.539145258	5.107580275	0.382356203
0.539795461	5.094581745	0.378131139
0.540444878	5.081484343	0.374690715
0.541095861	5.068306358	0.372087807
0.541746046	5.055077375	0.370388
0.542395422	5.041841917	0.369675414
0.543046358	5.028667322	0.370047347
0.543696473	5.015650632	0.371619783
0.544345757	5.002938725	0.374520877
0.544996593	4.990737493	0.378880877
0.545646587	4.979336894	0.384819312
0.546295725	4.969130087	0.392407718
0.54694641	4.960623802	0.401619853
0.547596228	4.95443262	0.412253058
0.548245168	4.951218567	0.423834046
0.548895648	4.951563125	0.435531154
0.549545237	4.955743399	0.446141945
0.550196366	4.963486633	0.454235131
0.550846592	4.973798883	0.458481546
0.551495903	4.985061216	0.45809969
0.552146747	4.995421208	0.453169994
0.552796665	5.003327133	0.444626134
0.553445644	5.007904629	0.433911019
0.554096148	5.009040328	0.422534031
0.554745701	5.007202715	0.41172689
0.555394291	5.003186962	0.402305574
0.5560444	4.997896527	0.394664033
0.556696032	4.992200084	0.388846594
0.557346687	4.986853607	0.384615261
0.557996355	4.982441216	0.381510773
0.558645021	4.979330584	0.378910371
0.559295197	4.977618371	0.376104567
0.55994436	4.977103001	0.372403384
0.560595031	4.977312772	0.367263438
0.561244675	4.977594759	0.360401979
0.561895827	4.977258935	0.351847276
0.56254594	4.975729354	0.341895605
0.563195	4.972634451	0.331018702
0.563845559	4.967834255	0.31972987
0.564495053	4.961382578	0.30849163
0.565146045	4.953456447	0.29765882
0.565795959	4.944290543	0.287469959
0.56644478	4.934129745	0.278058152
0.567095092	4.923197779	0.269474244
0.567744299	4.911683588	0.261716777
0.568394994	4.899738537	0.254750328
0.56904457	4.887476101	0.248520908
0.569695633	4.874981334	0.242967084
0.570345564	4.862314021	0.238028641
0.570994349	4.849515388	0.233643964
0.571644612	4.836609418	0.229762196
0.572296359	4.823610358	0.22633358
0.572944297	4.810522924	0.223317718
0.573596358	4.797343898	0.220677321
0.574244586	4.784067388	0.218382166
0.57489428	4.770682511	0.216406143
0.575545446	4.757174445	0.214729355
0.576195411	4.743527262	0.21333281
0.576844162	4.729722027	0.212203803
0.577494376	4.71573861	0.211330628
0.578146057	4.701554737	0.210705831
0.578796508	4.687146966	0.210325174
0.579445717	4.672489485	0.210185599
0.580096383	4.657555284	0.210288433
0.580745793	4.642316954	0.210634045
0.581396657	4.626742594	0.211227441
0.58204625	4.610801087	0.21207703
0.582694558	4.594455382	0.213190665
0.583344312	4.57766921	0.214581909
0.583995516	4.560401356	0.216264956
0.584645419	4.542608995	0.218257834
0.585294007	4.524245429	0.22058264
0.585944035	4.505258718	0.223262428
0.586595509	4.485592975	0.226327936
0.587245652	4.465186861	0.229812331
0.58789445	4.443973651	0.233755886
0.588544683	4.421880954	0.238204061
0.589196356	4.398827257	0.243210278
0.589843862	4.374723998	0.248837412
0.590495604	4.349470697	0.255157484
0.59114597	4.322960551	0.262255458
0.591794945	4.295068723	0.270231997
0.592445347	4.265661211	0.279205249
0.593094343	4.234585295	0.289314045
0.593744762	4.201671877	0.30072672
0.59439661	4.166728977	0.31364051
0.595044178	4.129545801	0.328296395
0.595696021	4.089880711	0.344984389
0.596346426	4.047467051	0.364059789
0.596995378	4.00200752	0.385958795
0.597645743	3.953171169	0.411220494
0.59829464	3.900599047	0.440514387
0.598944948	3.843902493	0.474685558
0.599593771	3.78268331	0.514803868
0.600244002	3.716552221	0.562228075
0.600895644	3.645185329	0.618705168
0.601545784	3.568407326	0.686477124
0.602194408	3.486356718	0.768422516
0.602844431	3.399754772	0.868194972
0.60349586	3.3103478	0.990314371
0.604145754	3.221569147	1.140077966
0.6047941	3.139367539	1.323075412
0.605443838	3.072942873	1.544045951
0.606094974	3.034776137	1.805116672
0.606744542	3.039478359	2.104102824
0.607395505	3.101909462	2.433931452
0.608044883	3.235970163	2.783128257
0.608695652	3.454631106	3.135864487
0.609344821	3.769798098	3.470055865
0.609995375	4.1894226	3.753815621
0.610644313	4.709274674	3.943196413
0.611294633	5.299679756	3.987840959
0.611946339	5.896463324	3.851738534
0.61259641	6.414669626	3.542413924
0.61324483	6.788155387	3.119074151
0.613894624	7.000861593	2.662362304
0.614545797	7.080141026	2.235018334
0.6151953	7.068806954	1.867370277
0.615846178	7.004597162	1.56510428
0.616495368	6.913788082	1.321747194
0.617145929	6.812477902	1.127078151
0.617794786	6.709749712	0.971087638
0.618445009	6.61037122	0.845326959
0.61909351	6.516613954	0.743099873
0.619746471	6.429357784	0.659243138
0.620394602	6.348736088	0.58981346
0.62104409	6.274501418	0.531806398
0.621694939	6.206226099	0.482920692
0.62234403	6.14341753	0.44138299
0.622994478	6.085572141	0.405818047
0.623646287	6.032210741	0.375148531
0.624296317	5.982887964	0.348523157
0.624944554	5.937202033	0.325266007
0.625594139	5.894790282	0.304831879
0.626245075	5.855329547	0.286782321
0.626894198	5.818533316	0.270758096
0.627544668	5.784146799	0.256464791
0.628196489	5.751944914	0.243660192
0.628846476	5.721726074	0.232140613
0.629494613	5.693313363	0.221736434
0.630144088	5.666547808	0.212306512
0.630794904	5.641287614	0.203730084
0.63144385	5.617407604	0.195903534
0.632094133	5.594795172	0.1887406
0.632745756	5.573348529	0.182164276
0.633395489	5.552976235	0.176110964
0.634043315	5.533596361	0.170524725
0.634695716	5.515135743	0.165354951
0.635346206	5.49752671	0.160561294
0.635994768	5.48070969	0.156104784
0.636644655	5.464628066	0.151953617
0.637295872	5.449232724	0.148078645
0.63794514	5.434477606	0.144453627
0.638595732	5.420320758	0.14105715
0.639244357	5.406725221	0.137868112
0.639894301	5.393653661	0.134869616
0.640545567	5.381075699	0.132044231
0.641194845	5.368961621	0.129378835
0.64184544	5.357283217	0.12686001
0.642494028	5.346015757	0.124476812
0.643143927	5.335136105	0.122218063
0.643795143	5.324622787	0.120074234
0.644444329	5.314456005	0.11803654
0.645094826	5.3046177	0.116098847
0.645743274	5.295088625	0.114252101
0.646396396	5.285855104	0.112490787
0.647044088	5.276901411	0.1108084
0.647696463	5.268213634	0.109201152
0.648343373	5.259778624	0.107662326
0.648994975	5.25158415	0.106188911
0.649644483	5.243618788	0.104775923
0.650295293	5.235872949	0.10341924
0.650943991	5.228335071	0.102115682
0.651593984	5.22099735	0.100862913
0.652245276	5.213849006	0.099656703
0.652894433	5.206884037	0.098495568
0.653544884	5.200093453	0.097375173
0.654193181	5.1934702	0.096294959
0.654846223	5.187007118	0.09525146
0.65549364	5.180697999	0.094243092
0.65614581	5.174535629	0.093268273
0.6567958	5.168515645	0.092325347
0.657443593	5.162631703	0.091411712
0.658096158	5.156878424	0.090526664
0.65874302	5.151251347	0.089668504
0.659394661	5.145746002	0.088836487
0.66004408	5.140356886	0.088027935
0.660694778	5.135080462	0.087243034
0.661343233	5.129912163	0.086480038
0.661992963	5.124849366	0.08573813
0.66264397	5.11988748	0.085016517
0.663296259	5.115022866	0.084314384
0.663946278	5.110252828	0.083629913
0.664594009	5.105573709	0.082963252
0.665243006	5.100982784	0.08231257
0.665893271	5.096477357	0.081678966
0.666544809	5.092053678	0.081059633
0.667194033	5.087710007	0.080455647
0.667844523	5.08344456	0.079866121
0.668496282	5.07925358	0.079290194
0.669145704	5.075135263	0.078726966
0.669796388	5.071087794	0.078175535
0.670444714	5.067108396	0.077636981
0.671094296	5.063195223	0.077109411
0.671745137	5.05934745	0.07659387
0.672393596	5.055561241	0.076088486
0.673043308	5.05183673	0.075593298
0.673694277	5.048170077	0.075107414
0.674342839	5.044561419	0.07463186
0.674996325	5.041008882	0.074165709
0.675643715	5.037510583	0.073708034
0.676296038	5.034065654	0.073259871
0.676945925	5.030671193	0.072819309
0.677593359	5.027327315	0.07238737
0.678245743	5.024033095	0.071962106
0.678895667	5.020785673	0.071545575
0.679543113	5.017584111	0.071135828
0.680195527	5.014428496	0.070732886
0.680845456	5.011316919	0.070336801
0.681492882	5.008248463	0.069947608
0.682145294	5.005221194	0.069564358
0.682795196	5.002235199	0.06918807
0.683446337	4.999289538	0.068817778
0.684094947	4.996382266	0.068452529
0.684744789	4.993513476	0.068094339
0.685395867	4.990682192	0.067740238
0.686044388	4.9878875	0.067392258
0.686694138	4.985127443	0.067049439
0.687345119	4.982402078	0.066711798
0.687993519	4.979711459	0.066379348
0.688643142	4.977053622	0.066051127
0.689293994	4.974428629	0.065728152
0.689946077	4.97183451	0.065409458
0.690595548	4.969272317	0.065095044
0.691246244	4.966741093	0.064784935
0.691894305	4.96423887	0.06447917
0.692543583	4.961765692	0.064177758
0.69319408	4.959321588	0.063879705
0.693845801	4.956904597	0.063586053
0.694494858	4.954515754	0.063295792
0.69514513	4.952154102	0.063009954
0.695792717	4.949817635	0.062726553
0.696445423	4.947508434	0.062447594
0.697095436	4.945223491	0.062172114
0.697742736	4.94296385	0.061900109
0.698395174	4.940728535	0.061631599
0.699044891	4.938516552	0.061365594
0.699695819	4.936328959	0.0611031
0.700344004	4.934163748	0.060843137
0.700993391	4.93202096	0.060586725
0.701643983	4.929900625	0.060333873
0.702295784	4.927802747	0.060082559
0.702944812	4.925725348	0.059834842
0.70359504	4.923669458	0.059589703
0.704242472	4.921633083	0.059348187
0.704895105	4.919618256	0.059108245
0.705544933	4.917622981	0.058870922
0.70619596	4.915646266	0.058636237
0.706844161	4.913690178	0.058405188
0.707493552	4.911751653	0.058174765
0.708144137	4.909832784	0.057948002
0.70879592	4.907931533	0.057722892
0.709444845	4.906047931	0.057500457
0.710094959	4.904183018	0.057280693
0.710746265	4.902334764	0.057062607
0.711394686	4.900503199	0.056847223
0.71204429	4.898689351	0.056633516
0.712695082	4.896891196	0.056421511
0.713342961	4.895109786	0.056212222
0.71399613	4.893344104	0.056004645
0.714642258	4.891594168	0.055798783
0.715293683	4.889860006	0.055595661
0.715942163	4.8881406	0.055394274
0.716595961	4.886436977	0.05519359
0.717242656	4.88474713	0.054995682
0.717894676	4.88307312	0.054800531
0.718543718	4.881412893	0.054606116
0.719193935	4.879766472	0.054413465
0.719845329	4.878133874	0.054222579
0.720493718	4.87651511	0.054033463
0.721143276	4.874910195	0.05384612
0.721794006	4.873319142	0.053660553
0.722445912	4.8717399	0.053475761
0.723094778	4.870174558	0.053293778
0.723744812	4.868622079	0.053112564
0.724396015	4.867081458	0.05293316
0.725044152	4.865553735	0.052755558
0.725693449	4.864037883	0.052578743
0.72634391	4.862533923	0.052403748
0.726995538	4.861042895	0.052230562
0.727644066	4.859562743	0.052058182
0.728293752	4.858094516	0.051887628
0.728944599	4.856637195	0.051718914
0.729592317	4.855191809	0.051551001
0.730245488	4.853756309	0.051383915
0.730895522	4.852332774	0.051218664
0.731542397	4.850920185	0.051055262
0.732194742	4.849517509	0.050892692
0.73284392	4.848126816	0.050730934
0.73349425	4.846745035	0.050571053
0.734145735	4.845374224	0.050411999
0.734794024	4.844013372	0.050254816
0.735443458	4.842662476	0.050098474
0.736094042	4.841321545	0.049942975
0.736745778	4.839990597	0.049789353
0.737394283	4.838668586	0.049635555
0.738043931	4.837356585	0.049484671
0.738694725	4.836053536	0.049333614
0.739342258	4.834760502	0.049184443
0.739995345	4.833476445	0.049036134
0.740645161	4.832201372	0.048888691
0.74129612	4.830935292	0.048742114
0.741943785	4.829677175	0.048596416
0.742592582	4.828429108	0.048452612
0.743242514	4.827189019	0.048309689
0.743893585	4.825957949	0.048167639
0.744545798	4.824734868	0.048026473
0.745194677	4.823519782	0.047886193
0.745844688	4.822313735	0.04774679
0.746495834	4.821114658	0.047608285
0.747143615	4.819924643	0.047471697
0.747792521	4.818742637	0.047334962
0.748442556	4.817567618	0.04719913
0.749093721	4.816401679	0.047065219
0.749746021	4.815242729	0.046931175
0.750394916	4.814090792	0.046799076
0.751044935	4.812946893	0.046666835
0.751696082	4.811811057	0.046536532
0.752343793	4.810681192	0.04640611
0.752992621	4.80955939	0.046276588
0.753642569	4.808445667	0.046149009
0.754293641	4.807337929	0.046021312
0.754945838	4.80623723	0.04589453
0.755594559	4.805143574	0.045768664
0.756244396	4.804056968	0.045643714
0.756895352	4.802977414	0.045519681
0.757542801	4.801904909	0.045395526
0.758195994	4.800838435	0.045273342
0.758845671	4.799777976	0.045151047
0.75949181	4.79872564	0.045030705
0.76014371	4.797678286	0.044910264
0.760792062	4.796638011	0.044790747
0.761441521	4.795604812	0.044671112
0.76209209	4.794576625	0.044553465
0.762743771	4.793555521	0.044435701
0.763391868	4.792539427	0.044318884
0.764045775	4.791530435	0.044202996
0.764696087	4.790527503	0.044088047
0.765342782	4.789530627	0.043972994
0.765995305	4.788538785	0.043859935
0.7666442	4.787553005	0.043746774
0.767294196	4.786573292	0.043633511
0.767945295	4.785599668	0.043522236
0.768592736	4.784631073	0.043410871
0.769246042	4.783668564	0.04330045
0.769895678	4.782712135	0.04318993
0.770541624	4.781759719	0.04308142
0.771193451	4.780814435	0.042972804
0.771841578	4.77987315	0.042864108
0.772495607	4.778937978	0.042757408
0.773145925	4.778007856	0.042650621
0.773792509	4.777082789	0.042543747
0.774445014	4.776163843	0.042438871
0.775093773	4.775248911	0.042333919
0.775743621	4.774340088	0.042228873
0.77639456	4.773435302	0.042125846
0.777041721	4.772536633	0.042022726
0.777694841	4.771641986	0.041919532
0.778344173	4.770753472	0.041817294
0.77899459	4.769868995	0.04171603
0.779646096	4.768989607	0.041615733
0.780293781	4.768114253	0.041515364
0.780942543	4.767245032	0.041414905
0.781592385	4.76637881	0.041315432
0.782243309	4.765518737	0.041216919
0.782895318	4.764662717	0.041119385
0.783543464	4.763811792	0.041021772
0.784192683	4.762964915	0.040924089
0.784842979	4.762122098	0.040827387
0.785494355	4.761284393	0.040731656
0.786141828	4.760450743	0.040635858
0.786795362	4.759622209	0.040541033
0.787444983	4.758797736	0.04044614
0.788095677	4.757977333	0.040352231
0.78874243	4.757161003	0.040259306
0.789395271	4.756348731	0.040165263
0.790044159	4.755541595	0.040073248
0.790694115	4.754738531	0.039981168
0.791345141	4.753938487	0.039889031
0.791992181	4.753143578	0.039797872
0.792645348	4.752352754	0.039707701
0.793294517	4.751564957	0.039617474
0.79394475	4.750782293	0.039527174
0.79459605	4.750003721	0.039437864
0.795243318	4.749228189	0.039349552
0.795891642	4.748456743	0.039261177
0.796541024	4.747689386	0.03917274
0.797191466	4.746926128	0.039085293
0.797842972	4.746165917	0.038998847
0.798495543	4.745410854	0.038912331
0.799144032	4.744657779	0.038825772
0.799793575	4.743909865	0.038740196
0.800444175	4.743164996	0.038654569
0.801095834	4.742424237	0.038569936
0.80174337	4.741686526	0.038485252
0.802391954	4.74095293	0.038401562
0.803041589	4.740222385	0.038317823
0.803692276	4.739494893	0.038234032
0.804344018	4.738772575	0.038151229
0.804991592	4.738052267	0.038069441
0.805645444	4.737336063	0.037986539
0.806295116	4.736622936	0.037905698
0.806945837	4.735913918	0.037823745
0.807592348	4.73520797	0.037742798
0.808245165	4.734505095	0.037662859
0.80889376	4.733806341	0.037582864
0.809543398	4.733109598	0.037502829
0.81019408	4.732416987	0.037423794
0.810845808	4.731727446	0.037344712
0.811493275	4.731042034	0.037265575
0.812141776	4.730358645	0.037187455
0.812791315	4.729678329	0.037109289
0.813441894	4.729002155	0.037032125
0.814093515	4.728327999	0.036954924
0.814740826	4.727657987	0.036878725
0.815394531	4.726991046	0.036801424
0.816043914	4.726326143	0.0367262
0.816694332	4.725665372	0.036649865
0.817345788	4.725007693	0.036574544
0.817992888	4.724352039	0.036499185
0.818641013	4.723699479	0.03642484
0.819295579	4.723051064	0.036350443
0.819945771	4.722404679	0.03627601
0.820591564	4.72176139	0.036202592
0.821243815	4.721120133	0.036129138
0.821891655	4.720483035	0.036056691
0.822545976	4.71984797	0.03598421
0.823195873	4.719215999	0.035911685
0.823841324	4.718587124	0.035839118
0.82449327	4.717961352	0.035767567
0.825140758	4.717337618	0.035695982
0.825794764	4.716716991	0.035625415
0.826444298	4.716099463	0.035554806
0.827094855	4.715483976	0.035484163
0.82774091	4.71487159	0.035413478
0.828393511	4.714261256	0.03534382
0.829041598	4.713654025	0.03527412
0.8296907	4.713049907	0.035205441
0.830340819	4.712447826	0.035135668
0.830991957	4.711848869	0.035067975
0.831644118	4.711251951	0.03499919
0.832291716	4.710657088	0.034931432
0.832945919	4.710066398	0.034863627
0.833595546	4.709476696	0.034795798
0.834240575	4.708890114	0.03472899
0.834892224	4.708306645	0.034662143
0.835544893	4.707725229	0.034595265
0.836192943	4.707145866	0.034528354
0.836841999	4.706569628	0.034462467
0.837492063	4.705995444	0.034396548
0.838143138	4.705423325	0.034331661
0.838795226	4.704854324	0.034266736
0.839442646	4.704287381	0.03420178
0.840091067	4.703722496	0.034136793
0.84074049	4.703160741	0.034072831
0.841390917	4.702599975	0.034007783
0.842042352	4.702043412	0.033944816
0.842694796	4.70148784	0.033880764
0.843342516	4.700934337	0.033817745
0.843991232	4.700383961	0.033754689
0.844640947	4.699835649	0.033691604
0.845291663	4.699289401	0.033628489
0.845943383	4.698746291	0.033566401
0.846590327	4.698204182	0.033504291
0.847244051	4.697665212	0.033443209
0.847892988	4.697127238	0.033381042
0.848542919	4.696592405	0.033319902
0.849193847	4.69605964	0.033258734
0.849845774	4.695528953	0.033198603
0.850492869	4.695000329	0.033137378
0.851140951	4.694473783	0.03307719
0.851795872	4.693950375	0.033016966
0.852445942	4.693427981	0.032957787
0.853091134	4.692907654	0.032897515
0.853743183	4.692389408	0.032838281
0.854390341	4.691873236	0.032779019
0.855044378	4.691360213	0.032720787
0.855693512	4.690848193	0.032661471
0.856343632	4.690338257	0.032603192
0.85699474	4.689830399	0.032544887
0.857640906	4.689324626	0.032487621
0.85829399	4.688820924	0.032429262
0.858942118	4.688319309	0.032371942
0.859591225	4.687818707	0.032314603
0.860241315	4.687321253	0.03225723
0.860892388	4.686824821	0.032200905
0.861544448	4.686331537	0.032144546
0.862191501	4.685839269	0.032088168
0.862845531	4.685349083	0.032031765
0.86349454	4.684860982	0.031975335
0.864144526	4.684373905	0.031919954
0.864795491	4.68388998	0.03186454
0.865441397	4.683407074	0.031809108
0.866094319	4.682926253	0.03175365
0.866742167	4.682447527	0.031699234
0.867390985	4.68196982	0.0316448
0.868040775	4.681495269	0.031590334
0.86869154	4.681021738	0.03153585
0.869343281	4.680549228	0.031481348
0.869996	4.680079883	0.031427882
0.870643587	4.67961156	0.031374399
0.871292138	4.679145328	0.031320891
0.871941657	4.678680118	0.031267365
0.872592144	4.678218069	0.031213808
0.873243603	4.677755982	0.031161309
0.873889876	4.677297057	0.031108779
0.874543274	4.676839156	0.031056232
0.875191473	4.676383349	0.03100366
0.875840633	4.675929644	0.030952134
0.876490757	4.675476958	0.030899521
0.877141846	4.675025304	0.030847961
0.877793904	4.674576817	0.030796371
0.878440708	4.674129363	0.030745833
0.879094699	4.67368293	0.030694209
0.879743422	4.673238602	0.030643631
0.880393104	4.672796365	0.03059196
0.881043745	4.672355163	0.030541343
0.881695349	4.671916068	0.030491772
0.882341638	4.671477995	0.030441115
0.882995164	4.67104203	0.030391506
0.883643361	4.670607087	0.03034081
0.88429251	4.670174253	0.030291161
0.884942614	4.669742457	0.030242567
0.885593674	4.669312756	0.03019288
0.886245693	4.668884086	0.030143177
0.886892329	4.668457527	0.030094522
0.887539909	4.668032	0.030045852
0.888194798	4.667608577	0.02999716
0.888844282	4.667186188	0.029948452
0.889494716	4.66676591	0.029900793
0.890139713	4.666346659	0.029852047
0.890792045	4.66592845	0.029804358
0.891445334	4.665512347	0.029756646
0.892093164	4.665097279	0.02970892
0.892741935	4.664684318	0.029661171
0.893391651	4.6642724	0.02961448
0.894042314	4.663862589	0.029567766
0.894693925	4.663452737	0.029519973
0.89534002	4.663046072	0.029473224
0.895993525	4.662639372	0.029426466
0.8966415	4.662234789	0.02938076
0.897290412	4.661832309	0.029333959
0.897940265	4.661429802	0.029288224
0.898591059	4.661029406	0.029242467
0.899242798	4.660631121	0.02919669
0.899895483	4.660232803	0.029150904
0.900542574	4.659836597	0.029105098
0.901190597	4.659442503	0.02905927
0.901839554	4.659048384	0.029014509
0.902489445	4.658656378	0.028969726
0.903140274	4.658265412	0.02892493
0.903792043	4.657876561	0.028880113
0.904444752	4.657487678	0.028835288
0.905091798	4.65710091	0.028790443
0.905739771	4.656716265	0.028746652
0.906395298	4.656331588	0.028702853
0.907045139	4.65594902	0.02865796
0.907695912	4.655567502	0.028614127
0.908340965	4.655187034	0.028571355
0.9089936	4.654808677	0.028527488
0.909640499	4.654430289	0.028483615
0.910295003	4.654054026	0.028440796
0.910943757	4.653678808	0.028397963
0.911593436	4.653305708	0.028355111
0.912244042	4.652932579	0.028312252
0.912895578	4.652561569	0.028269373
0.913541314	4.652191605	0.028226481
0.914194704	4.651822694	0.028184651
0.91484228	4.651454822	0.028141733
0.915490774	4.651089077	0.02809987
0.916140188	4.650723304	0.028058001
0.916790523	4.650359653	0.028016113
0.917441783	4.649997049	0.027974211
0.918093969	4.649635493	0.027932297
0.918740274	4.64927499	0.027891446
0.919394308	4.648915529	0.027849506
0.920042446	4.648558198	0.027808622
0.920691499	4.64820084	0.027767733
0.921341468	4.647845606	0.027726825
0.921992355	4.647491421	0.027685904
0.922644163	4.647138285	0.02764497
0.923290018	4.646786206	0.0276051
0.923943662	4.646435169	0.027564142
0.924591338	4.646085189	0.027524248
0.925239922	4.645736259	0.027484341
0.925889417	4.645389456	0.027444416
0.926539824	4.645042627	0.027404485
0.927191146	4.644696849	0.027364542
0.927843384	4.644353199	0.02732458
0.928489587	4.644009529	0.027285689
0.929143654	4.643667982	0.027245703
0.92979167	4.643327493	0.027206782
0.93044059	4.64298698	0.027167856
0.931090418	4.642648595	0.027128911
0.931741153	4.642311263	0.027089954
0.932392799	4.641974984	0.027050986
0.933045356	4.641639759	0.027012006
0.933691797	4.641304515	0.026974097
0.934339134	4.640971396	0.026935094
0.934994419	4.640639337	0.026897156
0.935643564	4.640308332	0.026859207
0.936293611	4.639978381	0.026821246
0.936944562	4.639649485	0.026783273
0.937589328	4.639320566	0.026745296
0.938242083	4.638993779	0.0267073
0.938895746	4.638668053	0.026670371
0.939543202	4.638343377	0.026632353
0.940191551	4.638019762	0.026595402
0.940840795	4.637696119	0.026557367
0.941490937	4.637374616	0.026520394
0.942141978	4.637053091	0.026483415
0.94279392	4.636733701	0.026446419
0.943439585	4.636414295	0.026410496
0.944093325	4.636097018	0.026373477
0.944740772	4.63577972	0.026336454
0.945389108	4.635464563	0.026300492
0.946045553	4.635149385	0.026264526
0.946695682	4.634835259	0.026227469
0.947339466	4.634522197	0.026191481
0.947991375	4.634210193	0.026155482
0.948644182	4.633899247	0.026119472
0.94929062	4.633589365	0.02608453
0.949945218	4.633279457	0.026048504
0.950593431	4.632971687	0.026012462
0.951242529	4.632663902	0.025977494
0.951892514	4.632358256	0.02594251
0.952543389	4.632052584	0.025906442
0.953195153	4.631747978	0.025871442
0.953840473	4.631444431	0.025836432
0.954494014	4.631141945	0.025801412
0.955141094	4.630840518	0.025766381
0.955789052	4.630539079	0.025732425
0.956445267	4.630239773	0.025697373
0.957094996	4.629940454	0.025663397
0.957745608	4.62964219	0.02562833
0.958389698	4.629344994	0.025594334
0.959042072	4.629048858	0.025560326
0.959695335	4.628753778	0.025525229
0.96034205	4.628459766	0.025491201
0.960989637	4.628165741	0.02545825
0.961645557	4.627872772	0.025424208
0.962294904	4.627580865	0.025390156
0.962945128	4.62729002	0.025356094
0.963588743	4.627000244	0.025323102
0.964240718	4.62671045	0.025290106
0.964893576	4.626422794	0.025256014
0.965539799	4.626135126	0.025222999
0.966194417	4.625848521	0.025189973
0.966842384	4.625562979	0.025156938
0.967491221	4.62527742	0.025123898
0.96814093	4.624992924	0.025090849
0.968791511	4.624710574	0.025057784
0.969442968	4.624427131	0.025025802
0.970095301	4.624145828	0.024992724
0.970740912	4.623865595	0.024960717
0.971394994	4.623585339	0.024927625
0.972042336	4.623306154	0.024895604
0.972690543	4.623028033	0.024863574
0.973339614	4.622749896	0.02483154
0.973989552	4.622473906	0.024799491
0.974640358	4.6221979	0.024767438
0.975292035	4.621921877	0.024735381
0.975944584	4.621648002	0.024703309
0.976590315	4.621374116	0.024672315
0.977244603	4.621101291	0.02464023
0.977892055	4.620829537	0.024609218
0.978540366	4.620558844	0.024577114
0.979189537	4.620288141	0.024546088
0.97983957	4.620018505	0.024515053
0.980490467	4.619749936	0.024484009
0.981142229	4.61948135	0.024452962
0.981794858	4.619214915	0.024421899
0.982440571	4.618948464	0.024390833
0.983094928	4.618681998	0.024359763
0.983742353	4.618417688	0.024329761
0.984390631	4.618153357	0.024298673
0.985039764	4.617889016	0.024268665
0.985689754	4.617626821	0.024237558
0.986340602	4.617364617	0.024207532
0.98699231	4.617103481	0.024177496
0.98764488	4.616843407	0.024146368
0.988290435	4.616583325	0.02411632
0.988944724	4.616324311	0.024086263
0.98959198	4.616066367	0.024056197
0.990240084	4.615808413	0.02402721
0.990889038	4.615551523	0.023997132
0.991538843	4.615295702	0.023967045
0.992189501	4.615039873	0.023938038
0.992841013	4.614785108	0.023907939
0.993493381	4.614531417	0.023878914
0.994138636	4.614277708	0.023848803
0.994792711	4.614025074	0.023819767
0.995439656	4.61377351	0.023790721
0.996095445	4.613523016	0.023761668
0.996744085	4.613272508	0.023732611
0.997393571	4.613021988	0.023703551
0.998043903	4.612773621	0.023674476
0.998695085	4.612525242	0.023645399
0.999339061	4.612276849	0.023616319
0.999991935	4.612030617	0.023588308
